10027 13534 122.50208592414856 3.015885591506958 10.677284479141235 1.4550728797912598
17542 11029 97.42614555358887 2.8859810829162598 9.240572929382324 1.4367215633392334
14536 14536 80.93291521072388 2.485203742980957 8.063297033309937 1.2849171161651611
8023 7522 72.20502018928528 2.536151885986328 7.247219085693359 1.196481466293335
5017 6019 104.69977355003357 3.202805280685425 10.722144603729248 1.5162038803100586
7021 7021 173.2914216518402 2.637563705444336 17.186159133911133 1.3453223705291748
14536 10528 141.0309054851532 3.295746088027954 13.961711645126343 1.5438930988311768
16039 13033 120.63439679145813 3.4378530979156494 11.115429639816284 1.7484946250915527
28564 25558 96.40810036659241 2.8686094284057617 9.376713275909424 1.5025646686553955
27562 31069 84.8083438873291 2.90732479095459 7.310723543167114 1.5132884979248047
12031 19045 81.4063868522644 3.466085910797119 8.345565795898438 2.6686551570892334
17041 18043 115.45128631591797 3.4972729682922363 11.455194473266602 1.7848970890045166
15037 22051 110.56285691261292 3.4102110862731934 10.769516229629517 1.6376619338989258
33574 32071 91.91855883598328 3.5902211666107178 9.150646686553955 2.1686761379241943
12532 12532 156.71216678619385 3.3964924812316895 16.07112717628479 1.6158080101013184
6019 7522 84.40815591812134 2.772918701171875 7.779563903808594 1.4590606689453125
14035 12532 112.843834400177 3.0683095455169678 11.691947221755981 1.6845195293426514
5017 5017 74.48596143722534 3.4782919883728027 7.071980953216553 1.8905315399169922
5017 5518 137.21933770179749 2.7497966289520264 13.695775985717773 1.3997559547424316
20047 29065 88.73653507232666 3.3586573600769043 9.179216384887695 1.3934226036071777
12532 12532 161.12853264808655 2.813732624053955 15.975213766098022 1.4573752880096436
13534 16540 71.18071508407593 2.9092061519622803 7.0691235065460205 1.41841721534729
5518 5017 103.8819990158081 4.90069055557251 11.20422911643982 4.288530349731445
22552 22552 96.54386973381042 4.233932256698608 9.980594158172607 2.084303617477417
7522 9526 89.90212845802307 4.029831409454346 9.293506383895874 2.032017707824707
9526 10528 94.10608196258545 5.194110155105591 9.497397899627686 2.5484619140625
5017 5017 143.31902408599854 6.862559795379639 14.763739347457886 1.2026433944702148
6019 6019 108.85162591934204 4.893773555755615 13.060219526290894 2.4766643047332764
5017 5017 65.1668119430542 4.01645302772522 6.5155065059661865 2.009045362472534
5518 44095 169.27775144577026 3.0766096115112305 15.070439100265503 1.1176667213439941
13534 18544 76.06465911865234 4.23546576499939 7.474614381790161 2.0613465309143066
6520 6520 190.71096229553223 4.935364723205566 20.9248468875885 1.42777419090271
35578 10027 112.49251103401184 3.382070541381836 12.825593709945679 1.4503960609436035
9526 7522 87.12051153182983 2.8176114559173584 8.111904859542847 1.3701231479644775
5518 5017 74.48694825172424 3.095196485519409 8.044365882873535 1.5627856254577637
6520 6019 77.87434911727905 2.9492149353027344 7.526631593704224 1.5812370777130127
21049 23554 91.95779991149902 2.77821683883667 9.681207418441772 1.3528263568878174
28063 29566 80.18172001838684 3.046367883682251 8.20099687576294 1.567185878753662
5518 6019 95.94324922561646 2.9370288848876953 9.93487811088562 1.4954917430877686
11530 11530 81.915367603302 3.3107683658599854 7.2161478996276855 1.434103012084961
12532 13534 117.36052870750427 3.4104461669921875 11.6152024269104 1.687364101409912
5017 8023 150.0166313648224 3.4606783390045166 14.665666341781616 1.6939427852630615
5017 16039 111.45805811882019 3.91257643699646 12.596773386001587 1.7664921283721924
5017 8524 105.92511582374573 3.540748119354248 11.771616458892822 1.978710412979126
7021 5017 77.96466064453125 2.9694178104400635 7.6614274978637695 1.5097355842590332
5518 7021 68.87948560714722 3.8296866416931152 6.993518590927124 1.6549124717712402
5017 5017 141.3131124973297 3.334303379058838 13.359150886535645 1.5731420516967773
11530 14035 111.56033301353455 2.974717140197754 11.545983076095581 1.4374608993530273
5518 5518 151.38909149169922 2.95654034614563 14.921303987503052 1.5246694087982178
7021 5017 73.33982825279236 3.1913902759552 7.296949148178101 1.620861530303955
19045 15037 75.10440468788147 2.761969566345215 6.916781902313232 1.4970533847808838
9025 8524 127.56314730644226 3.938248872756958 12.679799318313599 1.7363910675048828
5017 5017 98.01432585716248 2.7143595218658447 10.260164499282837 1.373741865158081
11029 21550 68.47898411750793 3.032836675643921 6.927266836166382 1.449500560760498
5017 24055 116.96058583259583 3.0177900791168213 11.024694681167603 1.446012258529663
12532 12532 160.99683260917664 3.4018709659576416 15.78007698059082 1.7418017387390137
5017 5017 110.1252167224884 3.108996868133545 11.703858137130737 1.575932264328003
5017 7021 78.03102612495422 3.31984543800354 7.977980613708496 1.5437047481536865
12532 18043 92.18035292625427 3.160606622695923 10.260885000228882 1.4877803325653076
5017 5017 72.82836937904358 3.3723106384277344 7.841124057769775 1.729114055633545
28564 19546 69.43469548225403 2.9905717372894287 7.391066074371338 1.371924877166748
12532 19045 75.52368450164795 3.122307538986206 7.452075004577637 1.7607710361480713
19546 18544 91.21154618263245 2.930044651031494 9.045422077178955 1.3640103340148926
11530 18544 99.07892966270447 3.0637450218200684 10.074524641036987 1.438796043395996
25558 14536 77.14299535751343 3.249695062637329 7.967858076095581 2.486140489578247
19045 14536 85.80868148803711 2.624459981918335 8.926794052124023 1.3726587295532227
5017 6019 102.02643823623657 2.796093702316284 10.29269814491272 1.7348978519439697
5017 14035 80.50804281234741 3.2688047885894775 8.018009901046753 1.5676660537719727
7021 5017 133.91235256195068 3.7559239864349365 11.886096954345703 1.7484965324401855
14035 9526 106.87695550918579 2.8790199756622314 10.506755828857422 1.649947166442871
10528 16540 118.07417726516724 2.8081209659576416 11.570964097976685 1.4518380165100098
5518 7021 97.6676390171051 2.750863790512085 9.811534404754639 1.5456783771514893
12532 14035 81.73590183258057 2.9185733795166016 8.183983087539673 1.3868153095245361
9025 9025 136.546861410141 2.771608352661133 14.100083827972412 1.29205322265625
5017 5518 143.89331126213074 2.9849395751953125 14.416822910308838 1.4102165699005127
8023 8524 85.57373642921448 3.241295576095581 8.03446626663208 1.4554104804992676
5017 8023 75.12551379203796 3.375643730163574 7.11747670173645 1.5832557678222656
6019 5017 97.37897801399231 3.164391040802002 10.360938787460327 1.5011670589447021
22552 22552 149.91451025009155 3.3471076488494873 15.148916006088257 1.4885766506195068
6520 6520 171.25328707695007 3.117509365081787 17.087782382965088 1.447695016860962
5017 5017 90.7875463962555 2.792095184326172 8.378073453903198 1.4783661365509033
5017 26560 73.50918912887573 2.8439581394195557 7.143866539001465 1.4091458320617676
12532 12532 133.27727437019348 3.1819934844970703 14.20206880569458 1.4502992630004883
7522 10027 77.30852222442627 3.7677905559539795 8.014918088912964 1.6998982429504395
14035 8524 121.09693431854248 4.932893991470337 11.610358238220215 2.2695868015289307
5017 8524 112.0583713054657 2.9273946285247803 10.94864535331726 1.4265737533569336
8023 13534 91.27049589157104 3.2394392490386963 9.084273099899292 1.4961028099060059
13033 9526 122.04835772514343 2.8438522815704346 12.704234838485718 1.4008173942565918
5017 5017 103.47051978111267 3.2690162658691406 10.732839584350586 1.7293882369995117
20548 26059 87.6045491695404 3.935903549194336 7.9910197257995605 1.7591843605041504
11029 19045 76.82792496681213 3.4828245639801025 7.447376728057861 1.6576495170593262
7021 11029 78.78975653648376 2.9224069118499756 7.612622261047363 1.6926593780517578
9526 17041 72.19958758354187 3.4386115074157715 7.950529336929321 1.619363784790039
37081 8023 108.71853017807007 4.487957954406738 10.878045320510864 2.542774200439453
15538 12031 91.04259920120239 2.929462432861328 8.781718730926514 1.4279792308807373
5017 21049 120.97453594207764 3.4405179023742676 13.35387372970581 1.5311038494110107
5017 5017 81.56462717056274 3.118159532546997 8.320938110351562 1.4919359683990479
13534 19045 94.53238987922668 2.8051013946533203 9.597872734069824 1.4286561012268066
5017 6019 100.13729929924011 3.443847417831421 9.110801696777344 1.5809171199798584
5017 5017 114.40257167816162 3.871950387954712 11.71427583694458 1.764063835144043
31069 28564 79.61503434181213 2.63358473777771 7.545300006866455 1.3710949420928955
8023 9025 71.13610434532166 2.789400100708008 7.478971481323242 1.3538379669189453
16540 7522 80.845871925354 4.7587668895721436 7.125308990478516 2.015575647354126
5017 5518 68.01668930053711 2.5930745601654053 6.5451250076293945 1.5898752212524414
9025 9025 105.98203182220459 2.547813892364502 11.490024328231812 1.5912706851959229
14035 22552 72.52732706069946 4.292297840118408 7.342368125915527 1.5433037281036377
5017 5518 115.23966550827026 2.795644521713257 11.941382646560669 1.4026694297790527
17542 13033 101.28011441230774 3.46187162399292 10.126287937164307 2.4428248405456543
11029 9526 75.5744981765747 3.075880765914917 7.9131317138671875 1.4215824604034424
14536 21049 85.05751466751099 4.394807577133179 8.617595672607422 1.8700189590454102
19045 19045 152.4995732307434 2.8936431407928467 15.246273756027222 1.4692497253417969
6019 5017 92.65073561668396 2.892446756362915 9.06440258026123 1.4617547988891602
28564 7522 82.24592542648315 2.668684482574463 7.840845584869385 1.4185068607330322
11530 12532 111.13380146026611 2.3714840412139893 11.742192506790161 1.2496702671051025
30067 21049 77.01718330383301 3.2122411727905273 7.897793531417847 1.5053677558898926
15538 19546 93.88536953926086 3.763805866241455 10.33436894416809 1.768630027770996
6520 6520 177.5382342338562 3.123683214187622 17.08450222015381 1.4810335636138916
6520 7522 74.92158365249634 2.7735836505889893 7.381489038467407 1.4072320461273193
15037 19546 98.12499594688416 3.8495659828186035 9.368701219558716 1.752877950668335
5017 5017 82.94341564178467 2.8296122550964355 7.850852966308594 1.4470512866973877
9025 13033 67.73083996772766 2.8832592964172363 7.1784281730651855 1.5693774223327637
17041 35578 81.08201026916504 2.8477301597595215 7.708299398422241 1.3991165161132812
19045 31069 106.8232569694519 2.733920097351074 11.658734560012817 1.5856783390045166
44095 44095 143.01448130607605 3.3800699710845947 15.014270067214966 1.539097547531128
5017 5017 111.33442211151123 2.75702166557312 11.03221869468689 1.4034976959228516
9526 8023 89.22406363487244 2.5511960983276367 8.81983470916748 1.1966867446899414
7522 13033 80.35820770263672 3.722261667251587 8.68216848373413 1.7811012268066406
21049 25558 74.00917172431946 2.8998453617095947 7.252795457839966 1.4018135070800781
21550 22552 89.74141073226929 2.74984073638916 9.851330041885376 1.4941515922546387
18043 16540 82.15835857391357 2.7353553771972656 7.685447692871094 1.2928833961486816
7021 7021 165.59785509109497 2.9041759967803955 16.528823137283325 1.3725297451019287
32572 30568 80.5234887599945 2.590318441390991 7.7837419509887695 1.3389861583709717
25057 31570 87.84586191177368 2.7013089656829834 9.065218925476074 1.311802864074707
7021 8524 77.5139389038086 3.9063737392425537 7.3984668254852295 1.694190263748169
15538 5518 84.13414573669434 3.1285643577575684 8.331463098526001 1.5634024143218994
9025 21049 76.96345329284668 3.07888126373291 7.734752416610718 1.4735369682312012
6019 12532 129.58512496948242 2.675877809524536 12.088255405426025 1.3858556747436523
5017 10528 76.43921709060669 3.203186273574829 7.693249225616455 1.4393563270568848
