40588 7.437387704849243
19045 7.164706230163574
49606 7.291029691696167
50107 5.610685110092163
10528 5.899200439453125
50107 5.690946578979492
41089 7.628293037414551
48604 5.69309663772583
50107 8.920636892318726
10027 5.9041712284088135
43093 6.278966665267944
23554 6.210383415222168
50107 6.289628505706787
49606 6.776841878890991
48103 7.038379669189453
32572 6.783614635467529
36580 6.820673942565918
43093 7.398775577545166
31570 6.563346862792969
6019 6.444144248962402
50107 7.2203850746154785
41590 6.533864736557007
50107 6.450527906417847
40087 6.68902587890625
32572 6.5450685024261475
49606 6.419662714004517
18544 6.442719459533691
33073 6.692709445953369
40087 6.437776803970337
47602 6.838107109069824
34576 6.984131574630737
49606 6.696219205856323
46600 7.071467638015747
30067 6.878180265426636
19045 7.139567613601685
40087 6.913589000701904
35578 7.2815821170806885
50107 7.20613694190979
36079 6.918642997741699
50107 7.298944473266602
34576 7.100576162338257
48604 7.464617967605591
48604 8.089744567871094
19045 7.606420040130615
49606 8.622400283813477
49606 7.790917158126831
33073 8.0956552028656
19546 9.505558729171753
37081 8.485269546508789
37081 8.229101419448853
49606 7.920345067977905
42091 10.762999057769775
43594 8.090961217880249
49606 8.19268536567688
50107 9.188831806182861
39586 8.91700005531311
13033 8.772784948348999
5017 8.730663061141968
40087 8.785140752792358
50107 8.942121028900146
42592 9.158783674240112
50107 9.121518850326538
5017 9.671501874923706
28063 9.230804681777954
44095 9.127882957458496
49105 9.577849388122559
31069 9.842162609100342
49606 9.510297775268555
5017 9.516427040100098
49105 9.92148494720459
48604 9.98258662223816
42091 11.551053762435913
46099 9.728207111358643
28564 10.134769916534424
9025 10.97732949256897
18043 11.667287111282349
50107 10.604019165039062
14536 11.058110475540161
47101 11.096734046936035
46600 10.940758228302002
49606 13.361501216888428
50107 11.552776575088501
35578 11.822223424911499
50176 11.244450092315674
43594 11.487079620361328
13534 12.519632816314697
50107 11.745186567306519
41089 12.360207557678223
45598 12.779075384140015
33574 14.091994285583496
33574 12.56502890586853
36079 12.463412523269653
50107 13.096258878707886
48604 13.11451005935669
5017 12.848286151885986
49105 13.372913122177124
50176 13.525420904159546
49606 14.155834674835205
50107 14.010844945907593
34075 13.796802759170532
50107 14.3637535572052
47602 14.259529829025269
41590 16.251558542251587
49105 17.691943168640137
49606 15.087695837020874
50176 15.046369314193726
48103 15.511221647262573
22552 15.187257528305054
38083 15.794810056686401
36079 16.25274896621704
44095 16.91194176673889
33073 16.763386726379395
50107 16.89116907119751
50107 16.63465905189514
45598 17.417930364608765
48604 16.954691886901855
