5017 6019 122.50208592414856 2.8312299251556396 10.677284479141235 1.36729097366333
16540 5017 97.42614555358887 2.634310007095337 9.240572929382324 1.2808053493499756
6520 16540 80.93291521072388 2.598798990249634 8.063297033309937 1.2473816871643066
5017 16039 72.20502018928528 2.3469302654266357 7.247219085693359 1.1290607452392578
7021 11530 104.69977355003357 2.7606725692749023 10.722144603729248 1.261641263961792
11530 11530 173.2914216518402 2.5793516635894775 17.186159133911133 1.2460148334503174
13033 8524 141.0309054851532 3.103919267654419 13.961711645126343 1.438918113708496
7021 7021 120.63439679145813 3.052124500274658 11.115429639816284 1.5508990287780762
18043 23053 96.40810036659241 2.7833149433135986 9.376713275909424 1.7287218570709229
33574 25057 84.8083438873291 2.917935848236084 7.310723543167114 1.3072841167449951
14035 11029 81.4063868522644 3.93876051902771 8.345565795898438 1.355492115020752
12532 25558 115.45128631591797 3.8113253116607666 11.455194473266602 1.771683692932129
17041 22051 110.56285691261292 2.833723783493042 10.769516229629517 1.3278276920318604
32572 34075 91.91855883598328 3.445079803466797 9.150646686553955 1.5227503776550293
12532 12532 156.71216678619385 3.0859601497650146 16.07112717628479 1.5805892944335938
5017 7021 84.40815591812134 2.816664934158325 7.779563903808594 1.4635496139526367
8023 18544 112.843834400177 2.977421998977661 11.691947221755981 1.354694128036499
12031 17041 74.48596143722534 3.2495696544647217 7.071980953216553 1.4318816661834717
6019 7021 137.21933770179749 2.747939348220825 13.695775985717773 1.396895170211792
11530 43594 88.73653507232666 2.5216312408447266 9.179216384887695 1.2492680549621582
12532 12532 161.12853264808655 2.7634854316711426 15.975213766098022 1.2280421257019043
13534 12532 71.18071508407593 2.55727481842041 7.0691235065460205 1.2992260456085205
7522 7522 103.8819990158081 7.497964143753052 11.20422911643982 2.279294490814209
5017 5518 96.54386973381042 5.210405111312866 9.980594158172607 2.6401052474975586
14536 15037 89.90212845802307 3.8099875450134277 9.293506383895874 1.7510859966278076
5017 6019 94.10608196258545 2.2242302894592285 9.497397899627686 1.0111713409423828
5017 5017 143.31902408599854 2.2343528270721436 14.763739347457886 1.0577328205108643
12031 8524 108.85162591934204 4.4564409255981445 13.060219526290894 1.804396390914917
6520 5017 65.1668119430542 3.7837698459625244 6.5155065059661865 1.7586688995361328
5518 43594 169.27775144577026 2.1388139724731445 15.070439100265503 0.9665160179138184
35077 23554 76.06465911865234 4.83804988861084 7.474614381790161 2.417177438735962
6019 6019 190.71096229553223 2.1622042655944824 20.9248468875885 1.0159757137298584
39085 10528 112.49251103401184 2.9740145206451416 12.825593709945679 1.3743312358856201
12532 24055 87.12051153182983 2.6833009719848633 8.111904859542847 1.2191212177276611
24055 21550 74.48694825172424 2.745432138442993 8.044365882873535 1.1744964122772217
6019 7021 77.87434911727905 2.8516643047332764 7.526631593704224 1.287928581237793
20047 21049 91.95779991149902 2.9225189685821533 9.681207418441772 1.5338432788848877
6520 15538 80.18172001838684 3.0984764099121094 8.20099687576294 1.3184762001037598
5017 5017 95.94324922561646 2.5503666400909424 9.93487811088562 1.1911003589630127
25558 23053 81.915367603302 2.5917623043060303 7.2161478996276855 1.1714866161346436
12031 20548 117.36052870750427 3.7383806705474854 11.6152024269104 1.6503229141235352
5518 5017 150.0166313648224 3.105233907699585 14.665666341781616 1.4181082248687744
18043 10528 111.45805811882019 3.5104727745056152 12.596773386001587 1.8553171157836914
6520 8524 105.92511582374573 3.2699472904205322 11.771616458892822 1.4954023361206055
11530 14035 77.96466064453125 2.658385753631592 7.6614274978637695 1.283954381942749
7522 7522 68.87948560714722 2.9348602294921875 6.993518590927124 1.3774468898773193
7021 5017 141.3131124973297 2.8511829376220703 13.359150886535645 1.3828446865081787
20548 12532 111.56033301353455 2.7448740005493164 11.545983076095581 1.3681840896606445
5518 7522 151.38909149169922 2.969597101211548 14.921303987503052 1.3154382705688477
5017 8023 73.33982825279236 3.2966115474700928 7.296949148178101 1.3901159763336182
11530 8023 75.10440468788147 2.674164056777954 6.916781902313232 1.2037441730499268
5017 5017 127.56314730644226 3.1121180057525635 12.679799318313599 1.3565504550933838
6520 5017 98.01432585716248 2.916621685028076 10.260164499282837 1.382401943206787
19546 22051 68.47898411750793 2.8925135135650635 6.927266836166382 1.2703657150268555
7021 24055 116.96058583259583 2.6046619415283203 11.024694681167603 1.2061948776245117
12532 12532 160.99683260917664 3.0926804542541504 15.78007698059082 1.3106110095977783
5017 5017 110.1252167224884 2.757141351699829 11.703858137130737 1.3102917671203613
5017 5017 78.03102612495422 2.7749617099761963 7.977980613708496 1.2414329051971436
6520 10528 92.18035292625427 2.9330434799194336 10.260885000228882 1.3281593322753906
16039 15037 72.82836937904358 2.9277496337890625 7.841124057769775 1.281954288482666
26560 23053 69.43469548225403 2.678502082824707 7.391066074371338 1.1915884017944336
9025 22552 75.52368450164795 2.9920713901519775 7.452075004577637 1.3269431591033936
19546 5518 91.21154618263245 2.490372896194458 9.045422077178955 1.1459529399871826
12031 27061 99.07892966270447 2.668470859527588 10.074524641036987 1.2291595935821533
25558 14536 77.14299535751343 4.293830633163452 7.967858076095581 1.7201423645019531
21049 15538 85.80868148803711 2.7295854091644287 8.926794052124023 1.378056526184082
5017 11029 102.02643823623657 4.372892141342163 10.29269814491272 1.8551249504089355
5017 43594 80.50804281234741 2.74879789352417 8.018009901046753 1.3345305919647217
6520 7522 133.91235256195068 2.9971864223480225 11.886096954345703 1.3512389659881592
7522 6520 106.87695550918579 4.607465982437134 10.506755828857422 2.1562554836273193
6520 8023 118.07417726516724 2.8701248168945312 11.570964097976685 1.5751194953918457
7021 12031 97.6676390171051 3.2994823455810547 9.811534404754639 1.4699046611785889
13033 21550 81.73590183258057 2.5453081130981445 8.183983087539673 1.1780836582183838
11530 11530 136.546861410141 2.6068830490112305 14.100083827972412 2.0191309452056885
11029 7522 143.89331126213074 2.8190479278564453 14.416822910308838 1.3090105056762695
5518 7021 85.57373642921448 2.7477242946624756 8.03446626663208 1.243955135345459
20047 18544 75.12551379203796 2.8237833976745605 7.11747670173645 1.3044238090515137
11530 9526 97.37897801399231 2.786344289779663 10.360938787460327 1.4055252075195312
22552 22552 149.91451025009155 2.8621256351470947 15.148916006088257 1.366276741027832
6019 6019 171.25328707695007 2.7593886852264404 17.087782382965088 1.1943466663360596
11029 6520 90.7875463962555 2.9957404136657715 8.378073453903198 1.3273711204528809
11530 24556 73.50918912887573 2.4649658203125 7.143866539001465 1.2033350467681885
12532 12532 133.27727437019348 2.899073600769043 14.20206880569458 1.3856568336486816
8023 5017 77.30852222442627 2.960343837738037 8.014918088912964 1.3630478382110596
20548 5017 121.09693431854248 3.6001906394958496 11.610358238220215 1.5112333297729492
6520 8524 112.0583713054657 2.7070472240448 10.94864535331726 1.316525936126709
6520 14035 91.27049589157104 2.7549378871917725 9.084273099899292 1.215399980545044
13033 5017 122.04835772514343 2.595303773880005 12.704234838485718 1.2289745807647705
6520 7522 103.47051978111267 2.9221017360687256 10.732839584350586 1.3239526748657227
18544 16540 87.6045491695404 3.0951693058013916 7.9910197257995605 1.2917101383209229
32071 21049 76.82792496681213 2.8301005363464355 7.447376728057861 1.244504451751709
27562 16039 78.78975653648376 3.1727352142333984 7.612622261047363 1.454651117324829
6520 17041 72.19958758354187 2.8317532539367676 7.950529336929321 1.2759814262390137
40087 6520 108.71853017807007 3.9780123233795166 10.878045320510864 2.0434317588806152
15538 8524 91.04259920120239 2.6124932765960693 8.781718730926514 1.1437408924102783
5017 12031 120.97453594207764 2.9199137687683105 13.35387372970581 1.2782917022705078
7522 15037 81.56462717056274 2.7953951358795166 8.320938110351562 1.3851289749145508
5017 7021 94.53238987922668 2.8110768795013428 9.597872734069824 1.482454776763916
9025 7522 100.13729929924011 2.8099663257598877 9.110801696777344 1.2800939083099365
5518 5518 114.40257167816162 2.9967193603515625 11.71427583694458 1.3590030670166016
29065 30568 79.61503434181213 2.6326777935028076 7.545300006866455 1.4195890426635742
12532 6520 71.13610434532166 2.5957694053649902 7.478971481323242 1.0886473655700684
21550 7021 80.845871925354 3.4217185974121094 7.125308990478516 1.4618778228759766
5017 5518 68.01668930053711 2.9000844955444336 6.5451250076293945 1.3289251327514648
5017 8023 105.98203182220459 2.9673831462860107 11.490024328231812 1.3216986656188965
13033 15037 72.52732706069946 2.7907819747924805 7.342368125915527 1.2117698192596436
5017 5017 115.23966550827026 2.76963210105896 11.941382646560669 1.3213896751403809
21550 21550 101.28011441230774 3.880876302719116 10.126287937164307 1.4950039386749268
8023 11530 75.5744981765747 2.7314794063568115 7.9131317138671875 1.191390037536621
13534 13033 85.05751466751099 3.017122983932495 8.617595672607422 1.3685638904571533
12532 12532 152.4995732307434 2.6349217891693115 15.246273756027222 1.2277870178222656
5017 5017 92.65073561668396 2.669394016265869 9.06440258026123 1.192826747894287
22552 23554 82.24592542648315 2.5508296489715576 7.840845584869385 1.134584903717041
8524 18544 111.13380146026611 2.435945987701416 11.742192506790161 1.2081348896026611
35578 28564 77.01718330383301 2.730509042739868 7.897793531417847 1.3798127174377441
15538 13033 93.88536953926086 2.9105286598205566 10.33436894416809 1.3279192447662354
11029 11029 177.5382342338562 2.715867757797241 17.08450222015381 1.1980266571044922
5017 6019 74.92158365249634 2.5151302814483643 7.381489038467407 1.1413674354553223
17542 18544 98.12499594688416 2.9359612464904785 9.368701219558716 1.290283203125
5017 5017 82.94341564178467 2.6518874168395996 7.850852966308594 1.3317286968231201
11029 22552 67.73083996772766 2.845625400543213 7.1784281730651855 1.321446418762207
10528 30568 81.08201026916504 2.4592268466949463 7.708299398422241 1.2182412147521973
16039 38083 106.8232569694519 2.933504819869995 11.658734560012817 1.263960838317871
43594 43594 143.01448130607605 2.740288257598877 15.014270067214966 1.2258734703063965
5017 6019 111.33442211151123 2.730008363723755 11.03221869468689 1.392557144165039
13534 8023 89.22406363487244 2.3848140239715576 8.81983470916748 1.0448527336120605
8524 11029 80.35820770263672 2.9111311435699463 8.68216848373413 1.3183560371398926
33073 25057 74.00917172431946 2.564225912094116 7.252795457839966 1.3178553581237793
25057 22051 89.74141073226929 2.574636936187744 9.851330041885376 1.2031984329223633
12532 19045 82.15835857391357 2.453237771987915 7.685447692871094 1.2341101169586182
11530 11530 165.59785509109497 2.6961758136749268 16.528823137283325 1.335498332977295
35578 29566 80.5234887599945 2.5354039669036865 7.7837419509887695 1.322615146636963
17041 27562 87.84586191177368 2.591667413711548 9.065218925476074 1.2000789642333984
8524 12031 77.5139389038086 3.0186729431152344 7.3984668254852295 1.3760504722595215
5017 6520 84.13414573669434 2.703322410583496 8.331463098526001 1.1920661926269531
15037 34576 76.96345329284668 2.6751885414123535 7.734752416610718 1.2285208702087402
6520 12031 129.58512496948242 2.592261791229248 12.088255405426025 1.161884069442749
5017 17542 76.43921709060669 2.700726270675659 7.693249225616455 1.2085838317871094
