11530 27061 122.50208592414856 3.0410025119781494 10.677284479141235 1.2808723449707031
38584 39085 97.42614555358887 2.8055062294006348 9.240572929382324 1.2314543724060059
13033 29065 80.93291521072388 2.4453139305114746 8.063297033309937 1.0853326320648193
7522 11530 72.20502018928528 2.1589066982269287 7.247219085693359 1.056664228439331
44095 44095 104.69977355003357 2.8013339042663574 10.722144603729248 1.5255062580108643
21049 19045 173.2914216518402 2.591684103012085 17.186159133911133 1.1239187717437744
44095 35077 141.0309054851532 3.4949820041656494 13.961711645126343 1.4422039985656738
21049 28564 120.63439679145813 3.2135136127471924 11.115429639816284 1.3534209728240967
30568 31570 96.40810036659241 2.4471380710601807 9.376713275909424 1.2890093326568604
30067 33073 84.8083438873291 2.574777126312256 7.310723543167114 1.3073017597198486
13534 26059 81.4063868522644 2.9371211528778076 8.345565795898438 1.172311544418335
15037 22051 115.45128631591797 2.7450640201568604 11.455194473266602 1.240360975265503
36580 35077 110.56285691261292 3.067145347595215 10.769516229629517 1.381218671798706
20548 30067 91.91855883598328 3.035252094268799 9.150646686553955 1.3363666534423828
29566 27562 156.71216678619385 3.777198553085327 16.07112717628479 1.5182735919952393
46600 46600 84.40815591812134 2.4059505462646484 7.779563903808594 1.1306800842285156
39586 38083 112.843834400177 2.7458629608154297 11.691947221755981 1.3495192527770996
15538 13534 74.48596143722534 2.6304280757904053 7.071980953216553 1.2864668369293213
35578 35578 137.21933770179749 2.6335315704345703 13.695775985717773 1.109271764755249
28564 29566 88.73653507232666 2.6404147148132324 9.179216384887695 1.4577863216400146
31570 7522 161.12853264808655 2.7535741329193115 15.975213766098022 1.148909568786621
23053 23053 71.18071508407593 2.8233437538146973 7.0691235065460205 1.2383546829223633
21049 14035 103.8819990158081 3.599987745285034 11.20422911643982 1.627396583557129
25057 34075 96.54386973381042 3.8999757766723633 9.980594158172607 1.6063604354858398
9025 10528 89.90212845802307 3.631448984146118 9.293506383895874 1.6156461238861084
10027 5017 94.10608196258545 4.519438028335571 9.497397899627686 2.032195806503296
39586 40588 143.31902408599854 4.372990131378174 14.763739347457886 2.0645647048950195
30067 24556 108.85162591934204 4.482882022857666 13.060219526290894 2.0612215995788574
5017 5017 65.1668119430542 3.39035964012146 6.5155065059661865 1.614011287689209
6019 35578 169.27775144577026 4.355002164840698 15.070439100265503 1.9316444396972656
13033 26059 76.06465911865234 2.6045265197753906 7.474614381790161 1.4722118377685547
28564 30568 190.71096229553223 4.718719482421875 20.9248468875885 2.2701497077941895
21049 7021 112.49251103401184 3.681520462036133 12.825593709945679 1.4489686489105225
12532 26059 87.12051153182983 3.0689566135406494 8.111904859542847 1.2074530124664307
7021 6019 74.48694825172424 2.8095147609710693 8.044365882873535 1.344327449798584
24055 32572 77.87434911727905 3.130124092102051 7.526631593704224 1.2647101879119873
18544 24556 91.95779991149902 2.6221823692321777 9.681207418441772 1.1245338916778564
17041 30568 80.18172001838684 2.5914411544799805 8.20099687576294 1.3368492126464844
36079 36580 95.94324922561646 2.679152250289917 9.93487811088562 1.1458196640014648
13033 11530 81.915367603302 2.753429651260376 7.2161478996276855 1.1946327686309814
21550 45097 117.36052870750427 2.8007736206054688 11.6152024269104 1.474806785583496
30568 40087 150.0166313648224 3.470874786376953 14.665666341781616 1.4556288719177246
12031 13033 111.45805811882019 3.37321138381958 12.596773386001587 1.5989601612091064
22552 27061 105.92511582374573 2.938145637512207 11.771616458892822 1.299783706665039
15538 7021 77.96466064453125 2.5443975925445557 7.6614274978637695 1.2997310161590576
9025 8023 68.87948560714722 2.8966336250305176 6.993518590927124 1.430039644241333
10528 24556 141.3131124973297 2.8980963230133057 13.359150886535645 1.5035631656646729
25558 13033 111.56033301353455 2.515928030014038 11.545983076095581 1.076101303100586
41590 35077 151.38909149169922 2.4008777141571045 14.921303987503052 1.3562421798706055
7522 5017 73.33982825279236 3.5388991832733154 7.296949148178101 1.4391615390777588
12532 17542 75.10440468788147 2.7343804836273193 6.916781902313232 1.1366047859191895
34576 26560 127.56314730644226 2.7218027114868164 12.679799318313599 1.3456292152404785
46099 43594 98.01432585716248 2.4468300342559814 10.260164499282837 1.116051435470581
32572 29566 68.47898411750793 3.1208224296569824 6.927266836166382 1.2722632884979248
44095 44596 116.96058583259583 2.9925873279571533 11.024694681167603 1.3505704402923584
31570 5017 160.99683260917664 2.5227608680725098 15.78007698059082 1.210547924041748
5017 5017 110.1252167224884 2.7264060974121094 11.703858137130737 1.1896247863769531
46600 46600 78.03102612495422 4.306617259979248 7.977980613708496 1.569223165512085
5017 12532 92.18035292625427 2.757093906402588 10.260885000228882 1.2878403663635254
5017 5518 72.82836937904358 2.9955804347991943 7.841124057769775 1.3058524131774902
29065 21049 69.43469548225403 2.9768412113189697 7.391066074371338 1.1626291275024414
13534 15538 75.52368450164795 2.36859130859375 7.452075004577637 1.0649185180664062
43093 37582 91.21154618263245 2.75099515914917 9.045422077178955 1.2516918182373047
15538 18544 99.07892966270447 2.7559571266174316 10.074524641036987 1.2735049724578857
38584 31570 77.14299535751343 2.378427505493164 7.967858076095581 1.0654628276824951
14035 12031 85.80868148803711 2.201652765274048 8.926794052124023 1.0444960594177246
5017 5518 102.02643823623657 2.548661231994629 10.29269814491272 1.1276187896728516
5017 22051 80.50804281234741 2.8480064868927 8.018009901046753 1.419905185699463
35077 32572 133.91235256195068 2.7315304279327393 11.886096954345703 1.3306541442871094
6520 8023 106.87695550918579 2.341503620147705 10.506755828857422 1.1426339149475098
35578 30568 118.07417726516724 2.5435173511505127 11.570964097976685 1.1927824020385742
5017 6019 97.6676390171051 2.3654351234436035 9.811534404754639 1.070432424545288
16540 25558 81.73590183258057 2.5229413509368896 8.183983087539673 1.181121826171875
29566 15037 136.546861410141 2.5635883808135986 14.100083827972412 1.1208868026733398
29065 5518 143.89331126213074 2.4562833309173584 14.416822910308838 1.2017147541046143
17542 21550 85.57373642921448 2.717287063598633 8.03446626663208 1.233689546585083
7021 8023 75.12551379203796 2.705596923828125 7.11747670173645 1.4271726608276367
21550 17542 97.37897801399231 2.39568829536438 10.360938787460327 1.089660406112671
30568 17041 149.91451025009155 2.8761849403381348 15.148916006088257 1.417285442352295
30067 29566 171.25328707695007 3.477508068084717 17.087782382965088 1.3510596752166748
6019 11029 90.7875463962555 3.3136637210845947 8.378073453903198 1.3643872737884521
5017 30568 73.50918912887573 2.815727710723877 7.143866539001465 1.2119271755218506
29566 33073 133.27727437019348 2.727555751800537 14.20206880569458 1.2504305839538574
20548 35578 77.30852222442627 4.33482551574707 8.014918088912964 1.9327545166015625
33574 16540 121.09693431854248 2.5977139472961426 11.610358238220215 1.446770191192627
10027 11029 112.0583713054657 2.8466150760650635 10.94864535331726 1.2743620872497559
5518 14035 91.27049589157104 2.4403882026672363 9.084273099899292 1.1855196952819824
45097 34075 122.04835772514343 2.8617160320281982 12.704234838485718 1.227954387664795
43093 41590 103.47051978111267 2.3854153156280518 10.732839584350586 1.1804213523864746
31069 30067 87.6045491695404 3.290006399154663 7.9910197257995605 2.0246694087982178
19045 22051 76.82792496681213 4.296018362045288 7.447376728057861 1.6018297672271729
22552 32572 78.78975653648376 2.3508942127227783 7.612622261047363 1.079150676727295
7021 7522 72.19958758354187 2.631303071975708 7.950529336929321 1.2194623947143555
7522 6520 108.71853017807007 2.817301034927368 10.878045320510864 1.3155739307403564
33574 31570 91.04259920120239 2.5542237758636475 8.781718730926514 1.2685465812683105
26560 20047 120.97453594207764 3.3843178749084473 13.35387372970581 1.5935561656951904
5017 7021 81.56462717056274 2.4122443199157715 8.320938110351562 1.1341631412506104
28063 30568 94.53238987922668 2.8218131065368652 9.597872734069824 1.248331069946289
38083 44596 100.13729929924011 2.5490708351135254 9.110801696777344 1.2187139987945557
5017 5518 114.40257167816162 4.37980842590332 11.71427583694458 1.7978589534759521
11029 22552 79.61503434181213 2.401675224304199 7.545300006866455 1.1488265991210938
5017 14536 71.13610434532166 2.3719499111175537 7.478971481323242 1.1002652645111084
22051 5017 80.845871925354 2.7741847038269043 7.125308990478516 1.9309766292572021
5017 8023 68.01668930053711 2.277235507965088 6.5451250076293945 1.0663671493530273
13534 14035 105.98203182220459 2.3592984676361084 11.490024328231812 1.133646011352539
15037 31069 72.52732706069946 4.632428884506226 7.342368125915527 2.188420057296753
44596 39586 115.23966550827026 2.4036717414855957 11.941382646560669 1.2320270538330078
15037 14536 101.28011441230774 2.4394545555114746 10.126287937164307 1.2506861686706543
13534 10528 75.5744981765747 3.1140477657318115 7.9131317138671875 1.2979743480682373
23554 27061 85.05751466751099 3.589427947998047 8.617595672607422 2.103423833847046
35077 23053 152.4995732307434 2.7087252140045166 15.246273756027222 1.0812315940856934
36580 35578 92.65073561668396 2.7270069122314453 9.06440258026123 1.0700931549072266
24055 12031 82.24592542648315 2.5093677043914795 7.840845584869385 1.105973482131958
39586 39586 111.13380146026611 2.3893003463745117 11.742192506790161 1.0745790004730225
11530 14035 77.01718330383301 2.838331460952759 7.897793531417847 1.430366039276123
36580 33073 93.88536953926086 2.7600858211517334 10.33436894416809 1.3692827224731445
28564 23053 177.5382342338562 3.0210886001586914 17.08450222015381 1.3648276329040527
28564 38083 74.92158365249634 2.405254602432251 7.381489038467407 1.1675808429718018
25558 16039 98.12499594688416 2.794466972351074 9.368701219558716 1.4433422088623047
5017 5017 82.94341564178467 2.3328068256378174 7.850852966308594 1.1075890064239502
18043 28564 67.73083996772766 2.7004659175872803 7.1784281730651855 1.3203785419464111
22051 25558 81.08201026916504 2.835750102996826 7.708299398422241 1.2183504104614258
11530 32071 106.8232569694519 2.3705568313598633 11.658734560012817 1.0656824111938477
5017 36079 143.01448130607605 2.7103524208068848 15.014270067214966 1.3806843757629395
20047 29566 111.33442211151123 2.520284414291382 11.03221869468689 1.1742773056030273
6520 8023 89.22406363487244 2.1752161979675293 8.81983470916748 1.118171215057373
14035 5518 80.35820770263672 2.868997812271118 8.68216848373413 1.5583062171936035
34075 48103 74.00917172431946 3.119037389755249 7.252795457839966 1.2813081741333008
23554 21049 89.74141073226929 2.603665590286255 9.851330041885376 1.1260159015655518
5518 18544 82.15835857391357 2.6413872241973877 7.685447692871094 1.1733322143554688
20548 20047 165.59785509109497 2.964663028717041 16.528823137283325 1.182133674621582
31069 31069 80.5234887599945 2.4902334213256836 7.7837419509887695 1.1286442279815674
31069 30568 87.84586191177368 2.6248929500579834 9.065218925476074 1.1269423961639404
23053 29065 77.5139389038086 4.1617796421051025 7.3984668254852295 2.020699977874756
5017 10027 84.13414573669434 2.553971767425537 8.331463098526001 1.2855026721954346
6520 20548 76.96345329284668 3.246912956237793 7.734752416610718 1.3621869087219238
42091 39085 129.58512496948242 2.5134778022766113 12.088255405426025 1.0616014003753662
5017 9025 76.43921709060669 2.6306345462799072 7.693249225616455 1.2839651107788086
