9025 11530 122.50208592414856 3.0834290981292725 10.677284479141235 1.4892966747283936
17542 9025 97.42614555358887 2.8196816444396973 9.240572929382324 1.3798129558563232
16540 15538 80.93291521072388 2.6448564529418945 8.063297033309937 1.287907361984253
7522 9526 72.20502018928528 2.6738157272338867 7.247219085693359 1.2163541316986084
5017 6019 104.69977355003357 2.563105344772339 10.722144603729248 1.310664415359497
11530 11530 173.2914216518402 2.5718963146209717 17.186159133911133 1.208639144897461
15037 10528 141.0309054851532 3.0293896198272705 13.961711645126343 1.4688704013824463
16039 12532 120.63439679145813 2.9610230922698975 11.115429639816284 1.427809476852417
27562 25558 96.40810036659241 2.699503183364868 9.376713275909424 1.2947208881378174
27562 31069 84.8083438873291 2.547987937927246 7.310723543167114 1.2704229354858398
11530 21049 81.4063868522644 3.764887809753418 8.345565795898438 1.4703547954559326
18043 17041 115.45128631591797 3.057852268218994 11.455194473266602 1.4186179637908936
15037 22051 110.56285691261292 3.0229506492614746 10.769516229629517 1.5254740715026855
33574 31069 91.91855883598328 3.4885473251342773 9.150646686553955 1.640505075454712
12532 12532 156.71216678619385 3.1785833835601807 16.07112717628479 1.5501673221588135
6019 8023 84.40815591812134 2.758635997772217 7.779563903808594 1.2173793315887451
14536 18544 112.843834400177 2.653306722640991 11.691947221755981 1.1801691055297852
8524 15037 74.48596143722534 2.6260290145874023 7.071980953216553 1.2889583110809326
5017 5518 137.21933770179749 2.470175266265869 13.695775985717773 1.2185442447662354
29065 29065 88.73653507232666 2.8068718910217285 9.179216384887695 1.4524390697479248
12532 12532 161.12853264808655 2.953903913497925 15.975213766098022 1.3288853168487549
13534 17041 71.18071508407593 2.7644729614257812 7.0691235065460205 1.5238404273986816
5518 7522 103.8819990158081 3.914015769958496 11.20422911643982 1.7281100749969482
12532 9526 96.54386973381042 4.057408094406128 9.980594158172607 1.736030101776123
7522 9025 89.90212845802307 3.8608977794647217 9.293506383895874 1.7445034980773926
5518 11029 94.10608196258545 4.827475547790527 9.497397899627686 2.321084499359131
5017 10528 143.31902408599854 4.531628847122192 14.763739347457886 2.0774006843566895
6019 5017 108.85162591934204 4.741641283035278 13.060219526290894 2.1962549686431885
5017 5017 65.1668119430542 2.6329050064086914 6.5155065059661865 1.3100109100341797
5518 43594 169.27775144577026 4.6214964389801025 15.070439100265503 2.053514242172241
11530 25558 76.06465911865234 2.881345510482788 7.474614381790161 1.3360655307769775
6019 6019 190.71096229553223 4.711986303329468 20.9248468875885 2.097729444503784
38584 10027 112.49251103401184 5.098164796829224 12.825593709945679 2.2079548835754395
9526 7522 87.12051153182983 2.7176358699798584 8.111904859542847 1.375103235244751
5518 5017 74.48694825172424 2.7292895317077637 8.044365882873535 1.271031141281128
7021 6019 77.87434911727905 3.0271430015563965 7.526631593704224 1.608260154724121
20548 24055 91.95779991149902 2.795590400695801 9.681207418441772 1.3867356777191162
28063 28564 80.18172001838684 2.755847454071045 8.20099687576294 1.2646763324737549
5017 5017 95.94324922561646 2.648074150085449 9.93487811088562 1.3675072193145752
11530 14536 81.915367603302 2.899583101272583 7.2161478996276855 1.3760740756988525
13033 20548 117.36052870750427 2.5916666984558105 11.6152024269104 1.1916632652282715
5017 7522 150.0166313648224 4.226521015167236 14.665666341781616 1.668166160583496
5017 14536 111.45805811882019 4.086524248123169 12.596773386001587 1.6507413387298584
5017 8524 105.92511582374573 2.8063220977783203 11.771616458892822 1.676438808441162
9526 6019 77.96466064453125 2.610809803009033 7.6614274978637695 1.2394232749938965
7021 8524 68.87948560714722 2.850801706314087 6.993518590927124 1.267390251159668
5017 5017 141.3131124973297 2.6629910469055176 13.359150886535645 1.2522969245910645
20047 13534 111.56033301353455 2.7856836318969727 11.545983076095581 1.2481026649475098
5017 5518 151.38909149169922 2.707996368408203 14.921303987503052 1.2289810180664062
8023 5017 73.33982825279236 3.2674381732940674 7.296949148178101 1.8087091445922852
18544 15037 75.10440468788147 2.738518238067627 6.916781902313232 1.3199701309204102
6019 8023 127.56314730644226 2.592168092727661 12.679799318313599 1.2272884845733643
5017 6019 98.01432585716248 2.5716543197631836 10.260164499282837 1.2126762866973877
22552 21550 68.47898411750793 2.7344870567321777 6.927266836166382 1.3230204582214355
5017 24055 116.96058583259583 2.5326921939849854 11.024694681167603 1.26468825340271
12532 12532 160.99683260917664 2.3584470748901367 15.78007698059082 1.073340892791748
5017 5017 110.1252167224884 2.8038506507873535 11.703858137130737 1.3350036144256592
5017 7021 78.03102612495422 3.4479188919067383 7.977980613708496 2.113710403442383
12532 18043 92.18035292625427 2.813549757003784 10.260885000228882 1.170839786529541
5017 5017 72.82836937904358 2.983539581298828 7.841124057769775 1.5843639373779297
28063 25057 69.43469548225403 2.627500295639038 7.391066074371338 1.3134994506835938
12532 21049 75.52368450164795 2.7055816650390625 7.452075004577637 1.2557895183563232
19546 19045 91.21154618263245 2.5796525478363037 9.045422077178955 1.1938905715942383
8023 17041 99.07892966270447 3.074040651321411 10.074524641036987 1.3628029823303223
25558 14536 77.14299535751343 2.600325584411621 7.967858076095581 1.1585426330566406
17542 11029 85.80868148803711 2.5387628078460693 8.926794052124023 1.2121846675872803
5017 5017 102.02643823623657 2.78865909576416 10.29269814491272 1.2857484817504883
5017 11029 80.50804281234741 2.655621290206909 8.018009901046753 1.3606719970703125
7021 5017 133.91235256195068 2.5742554664611816 11.886096954345703 1.1904339790344238
8524 6019 106.87695550918579 2.8000168800354004 10.506755828857422 1.2833099365234375
5518 16540 118.07417726516724 2.4199130535125732 11.570964097976685 1.2353875637054443
5017 6019 97.6676390171051 2.6736371517181396 9.811534404754639 1.2235970497131348
22552 14035 81.73590183258057 2.809305191040039 8.183983087539673 1.2881433963775635
11530 11530 136.546861410141 2.5118191242218018 14.100083827972412 1.0385761260986328
11029 8524 143.89331126213074 2.609628200531006 14.416822910308838 1.1197404861450195
5017 7021 85.57373642921448 2.852595567703247 8.03446626663208 1.4155936241149902
5518 5017 75.12551379203796 2.594493865966797 7.11747670173645 1.3616015911102295
14035 5518 97.37897801399231 2.630450487136841 10.360938787460327 1.2265040874481201
22552 22552 149.91451025009155 2.606205463409424 15.148916006088257 1.2804405689239502
6019 6019 171.25328707695007 3.0620079040527344 17.087782382965088 1.657747507095337
10528 5017 90.7875463962555 2.6916933059692383 8.378073453903198 1.6237280368804932
27562 27061 73.50918912887573 2.6446495056152344 7.143866539001465 1.3967463970184326
12532 12532 133.27727437019348 2.851518154144287 14.20206880569458 1.3178770542144775
10027 11029 77.30852222442627 2.934603452682495 8.014918088912964 1.5677289962768555
16039 8524 121.09693431854248 2.666262149810791 11.610358238220215 1.1092655658721924
5017 9526 112.0583713054657 2.490304470062256 10.94864535331726 1.2388880252838135
5518 14536 91.27049589157104 2.723895311355591 9.084273099899292 1.266017198562622
13033 9526 122.04835772514343 2.5878682136535645 12.704234838485718 1.252601146697998
5017 5017 103.47051978111267 2.6066157817840576 10.732839584350586 1.0676865577697754
30067 26059 87.6045491695404 2.8143081665039062 7.9910197257995605 1.4336647987365723
30067 20047 76.82792496681213 2.9494943618774414 7.447376728057861 2.207724094390869
6520 11530 78.78975653648376 2.425614356994629 7.612622261047363 1.1904120445251465
9025 8524 72.19958758354187 2.7862203121185303 7.950529336929321 1.2927398681640625
38083 13534 108.71853017807007 2.580218553543091 10.878045320510864 1.1650402545928955
15538 12031 91.04259920120239 2.601086378097534 8.781718730926514 1.1520040035247803
5017 12031 120.97453594207764 2.7172341346740723 13.35387372970581 1.3126003742218018
5017 5017 81.56462717056274 2.6455063819885254 8.320938110351562 1.3120298385620117
5518 12031 94.53238987922668 2.776226043701172 9.597872734069824 1.4094483852386475
5518 7522 100.13729929924011 2.540461540222168 9.110801696777344 1.0764622688293457
5017 5017 114.40257167816162 3.134894847869873 11.71427583694458 2.0622429847717285
30067 28564 79.61503434181213 2.554309606552124 7.545300006866455 1.214029312133789
17041 27562 71.13610434532166 2.6231093406677246 7.478971481323242 1.2546002864837646
15037 6019 80.845871925354 2.564441442489624 7.125308990478516 1.3300223350524902
5017 5017 68.01668930053711 2.5894980430603027 6.5451250076293945 1.2328290939331055
9025 8023 105.98203182220459 2.6876044273376465 11.490024328231812 1.2188239097595215
14035 22552 72.52732706069946 2.953907012939453 7.342368125915527 1.549964427947998
5017 5017 115.23966550827026 2.4786322116851807 11.941382646560669 1.1781058311462402
18043 13033 101.28011441230774 2.7444190979003906 10.126287937164307 1.2795674800872803
10528 11029 75.5744981765747 2.7554078102111816 7.9131317138671875 1.3905706405639648
15538 21049 85.05751466751099 2.758427858352661 8.617595672607422 1.3239572048187256
12532 12532 152.4995732307434 2.4954683780670166 15.246273756027222 1.1613125801086426
5017 5017 92.65073561668396 2.5365447998046875 9.06440258026123 1.1984598636627197
13033 10528 82.24592542648315 2.4464521408081055 7.840845584869385 1.1668188571929932
10528 18544 111.13380146026611 2.471196413040161 11.742192506790161 1.1200969219207764
30067 22552 77.01718330383301 2.6561906337738037 7.897793531417847 1.3788800239562988
15037 14536 93.88536953926086 2.5005035400390625 10.33436894416809 1.2755141258239746
11029 11029 177.5382342338562 2.6290624141693115 17.08450222015381 1.2405829429626465
6520 7522 74.92158365249634 2.504016637802124 7.381489038467407 1.107668161392212
25558 20047 98.12499594688416 2.6293692588806152 9.368701219558716 1.3374269008636475
5017 5017 82.94341564178467 2.5808775424957275 7.850852966308594 1.215467929840088
19546 34075 67.73083996772766 2.5033562183380127 7.1784281730651855 1.2894206047058105
16039 35578 81.08201026916504 2.666560411453247 7.708299398422241 1.3211688995361328
23554 30067 106.8232569694519 2.5998566150665283 11.658734560012817 1.2871408462524414
43594 43594 143.01448130607605 2.538506507873535 15.014270067214966 1.0809440612792969
5017 5017 111.33442211151123 2.5854403972625732 11.03221869468689 1.1768078804016113
9025 7522 89.22406363487244 2.529062271118164 8.81983470916748 1.2224435806274414
8023 12031 80.35820770263672 2.6185834407806396 8.68216848373413 1.3833606243133545
32572 25558 74.00917172431946 2.6069884300231934 7.252795457839966 1.3457820415496826
18043 21550 89.74141073226929 2.655893564224243 9.851330041885376 1.2541279792785645
8524 14536 82.15835857391357 2.9132659435272217 7.685447692871094 1.5110445022583008
11530 11530 165.59785509109497 2.589272975921631 16.528823137283325 1.19032883644104
32572 30568 80.5234887599945 2.6570675373077393 7.7837419509887695 1.1826493740081787
25057 31570 87.84586191177368 2.6877617835998535 9.065218925476074 1.439476728439331
6019 8023 77.5139389038086 2.866481304168701 7.3984668254852295 1.3589041233062744
9025 11530 84.13414573669434 2.6469573974609375 8.331463098526001 1.150399923324585
9025 22051 76.96345329284668 2.920571804046631 7.734752416610718 1.8894774913787842
7021 12031 129.58512496948242 2.5207138061523438 12.088255405426025 1.1201660633087158
5017 10027 76.43921709060669 2.6651711463928223 7.693249225616455 1.274827241897583
