6019 [0.02987029 0.05582958 0.08490568 0.09182485 0.23119068]
23053 [0.04264428 0.04362878 0.04564162 0.06344306 0.06631058]
5017 [0.02848465 0.04423172 0.05498761 0.27882168 0.3195283 ]
31570 [0.01068303 0.01608863 0.03040221 0.05578462 0.81620127]
19045 [0.05072173 0.05553941 0.09214656 0.2154542  0.36649963]
42091 [0.03644539 0.04446956 0.0454766  0.0457043  0.5752711 ]
26560 [0.01304285 0.01768733 0.03235176 0.05687654 0.7301683 ]
49606 [0.04592882 0.04806882 0.05744534 0.0819746  0.09200756]
34576 [0.03269408 0.04416941 0.07951703 0.1324376  0.3185693 ]
28063 [0.02917003 0.05437365 0.08848967 0.2878421  0.29222167]
49105 [0.02824743 0.06609113 0.09162772 0.11349864 0.26087964]
28564 [0.05097915 0.07697717 0.0778593  0.13028637 0.21711072]
8524 [0.00949387 0.01383426 0.02527413 0.21879186 0.6452945 ]
49105 [0.02684471 0.0424947  0.06909665 0.08943614 0.4664547 ]
37582 [0.06367178 0.07668602 0.11284281 0.14633083 0.15842141]
42592 [0.05136915 0.09514484 0.14477986 0.20330575 0.23362911]
21049 [0.01851249 0.02300977 0.04471263 0.04642975 0.6072268 ]
5518 [0.03096604 0.03422803 0.04920881 0.05913902 0.09676035]
49105 [0.07201978 0.08611258 0.10095222 0.251857   0.2733723 ]
50107 [0.02647719 0.02930858 0.04799944 0.11291273 0.5963396 ]
22051 [0.03750423 0.07020573 0.08638409 0.20869665 0.34998575]
46099 [0.03340013 0.0610896  0.06903853 0.25401765 0.26945797]
16039 [0.04667197 0.07113355 0.08451081 0.10929869 0.3075117 ]
47602 [0.0165703  0.03389927 0.05671661 0.07125264 0.37418866]
49606 [0.0304996  0.03582302 0.05287553 0.06375507 0.75637376]
39085 [0.00080367 0.00104769 0.00410334 0.19797948 0.7889388 ]
48604 [0.03015849 0.09087704 0.11669198 0.27052274 0.28121147]
20548 [0.0484185  0.04897536 0.07027316 0.11618694 0.29813546]
46600 [0.03050436 0.03921095 0.06132816 0.1354229  0.33051613]
20548 [0.04840729 0.06018561 0.06062406 0.06079497 0.12881316]
35578 [0.01856507 0.04555811 0.07108104 0.10773948 0.5943228 ]
5017 [0.052897   0.0669428  0.07461032 0.11132118 0.24906231]
25057 [0.0438377  0.04981369 0.06166288 0.13516329 0.16782245]
49606 [0.0330052  0.06991587 0.08804099 0.10590157 0.39359555]
38584 [0.05954498 0.06517534 0.10185094 0.16028889 0.26223916]
45598 [0.03476471 0.05592123 0.1148548  0.14770788 0.19036014]
41590 [0.04685496 0.05832735 0.05910197 0.07907449 0.2416601 ]
37582 [0.04580088 0.08724283 0.09318597 0.12864226 0.1625606 ]
29566 [0.00241223 0.0032001  0.01445177 0.37124953 0.5861673 ]
14536 [0.04842886 0.06394494 0.12976925 0.13018537 0.13938941]
28063 [0.03328032 0.05112962 0.09674866 0.3393544  0.3494142 ]
21550 [0.03980597 0.04700555 0.06211669 0.14747973 0.18351294]
26059 [0.01021944 0.01282161 0.02512987 0.12938514 0.6495538 ]
40588 [0.06292018 0.0654325  0.06921003 0.09073399 0.18916108]
49606 [0.04104747 0.04576766 0.11819264 0.16104978 0.4663678 ]
41089 [0.06386636 0.07394785 0.08652193 0.17340821 0.3353281 ]
20548 [0.02924509 0.05040207 0.06530056 0.22717312 0.3308806 ]
46099 [0.02337868 0.0289167  0.02907906 0.05464203 0.50716543]
8524 [0.0457343  0.07170458 0.13762599 0.16958423 0.29587805]
32071 [0.00375181 0.00453373 0.00589168 0.05748105 0.8909571 ]
31069 [0.01619385 0.03796813 0.03939312 0.2675102  0.5670649 ]
45598 [0.05651553 0.06131719 0.08255176 0.12091615 0.15385635]
5017 [0.03492346 0.05109577 0.15900831 0.1658537  0.40717345]
36079 [0.08350158 0.0863166  0.0905531  0.12933706 0.13896368]
29566 [0.05046361 0.06674437 0.07230027 0.07411576 0.6194231 ]
45097 [0.04483165 0.07161482 0.1204716  0.14022678 0.27584615]
11029 [0.0500802  0.06178538 0.06469787 0.10731754 0.11065123]
46600 [0.0277366  0.03024988 0.0640668  0.10041667 0.7310678 ]
49105 [0.02965866 0.0311187  0.09515332 0.21928187 0.31143212]
22552 [0.03797133 0.05403792 0.05941151 0.10722993 0.5758666 ]
48103 [0.05872508 0.07656236 0.09628997 0.10746113 0.22738677]
21049 [0.00313598 0.00388719 0.0038978  0.0105448  0.95583373]
21049 [0.02471091 0.02889097 0.07340015 0.28110066 0.33344367]
13534 [0.06011852 0.11949191 0.12254415 0.12573275 0.20724054]
15538 [0.05815611 0.06820882 0.09059188 0.09979162 0.14028843]
7021 [0.02281236 0.02541616 0.07792915 0.07867064 0.51862895]
39085 [0.03283649 0.03531646 0.0518144  0.21190096 0.3040252 ]
23554 [0.04950209 0.05667702 0.06782769 0.16781224 0.17801312]
19546 [0.04158079 0.04434091 0.11233169 0.19275019 0.248125  ]
35077 [0.0664391  0.08531039 0.12148779 0.13165762 0.44195417]
41089 [0.0495702  0.08272047 0.13421607 0.17188367 0.22236551]
28063 [0.03269071 0.06428649 0.13988532 0.15802708 0.18332407]
38584 [0.03208352 0.05603678 0.06818768 0.0723494  0.70660454]
20047 [0.02262377 0.02427489 0.02899254 0.091947   0.4541078 ]
14536 [0.00378359 0.00406866 0.04791285 0.10210662 0.78547555]
47101 [0.06006494 0.06627104 0.11946274 0.14275351 0.25942105]
36079 [0.0262935  0.03691988 0.0378335  0.14317143 0.22235134]
13033 [0.02362026 0.02589137 0.03817333 0.17654687 0.19509427]
48103 [0.01651805 0.02814337 0.02974225 0.04379523 0.68371636]
38083 [0.03659832 0.05351165 0.12952927 0.18285693 0.36428478]
47101 [0.06853725 0.10317705 0.13571967 0.16080417 0.16190441]
49606 [0.09239062 0.09344955 0.12913366 0.15381901 0.34899557]
16039 [0.00379603 0.00428404 0.00478677 0.01345642 0.8866563 ]
6019 [0.05782865 0.07032114 0.07320648 0.09025615 0.16061598]
35077 [0.02855778 0.04925501 0.06384777 0.06428839 0.49746442]
45598 [0.0066395  0.01152557 0.01231787 0.14225447 0.8069955 ]
42091 [0.04911493 0.05486181 0.07186204 0.08092988 0.23447216]
31069 [0.01912852 0.02289962 0.03817674 0.18867137 0.46067536]
27562 [0.02985288 0.03436736 0.04988019 0.06528157 0.17133984]
42091 [0.04988829 0.05545827 0.09603702 0.14769661 0.30301622]
42091 [0.05190197 0.06023605 0.06033413 0.13653836 0.18156645]
34075 [0.03357632 0.03834628 0.07370026 0.07960012 0.20418501]
10027 [0.02607952 0.07946836 0.11523087 0.1227313  0.1500601 ]
37081 [0.03166319 0.0482091  0.09503482 0.11595839 0.32917836]
11530 [0.02882482 0.03430294 0.0907957  0.27802357 0.29816315]
47101 [0.05261547 0.09276821 0.09348849 0.15772942 0.22863011]
46600 [0.05131372 0.05278208 0.09191646 0.19159356 0.22406009]
19546 [0.0500617  0.05781954 0.07712062 0.142954   0.25922042]
38584 [0.02725969 0.02868539 0.12366936 0.16681907 0.5210261 ]
41089 [0.03596824 0.04208904 0.0511299  0.07854223 0.42211348]
5017 [0.0569181  0.06067729 0.087306   0.13062744 0.22117011]
39586 [0.04284428 0.04441055 0.04514731 0.04751288 0.56033134]
37582 [0.01327381 0.01391656 0.03678525 0.35854512 0.5279438 ]
30568 [0.01609243 0.10112642 0.12587534 0.24917808 0.41380298]
28063 [0.08357362 0.10439543 0.10686131 0.12252738 0.16534612]
22051 [0.02314326 0.04354591 0.04805138 0.14159362 0.34629273]
38584 [0.02646179 0.03236165 0.03342163 0.07540176 0.68281347]
39586 [0.03909789 0.1186999  0.1477516  0.21237004 0.2674311 ]
5017 [0.00782674 0.00796134 0.01126548 0.01324626 0.7316146 ]
17041 [0.04144337 0.04764162 0.15463218 0.19462925 0.22981118]
24556 [0.04025453 0.04075342 0.05407435 0.18339948 0.23034182]
29566 [0.01666909 0.02544501 0.12262275 0.1990643  0.49529263]
41089 [0.06655868 0.0675089  0.08493976 0.12160598 0.26647452]
24055 [0.0344354  0.09517878 0.14760134 0.24302462 0.2528587 ]
17041 [0.04254972 0.04625193 0.05133592 0.05825244 0.1280058 ]
21550 [0.02416549 0.03525931 0.03868151 0.16574673 0.55898035]
43594 [0.01818435 0.02078308 0.02086417 0.02531677 0.7293379 ]
41089 [0.04067761 0.05744608 0.11203068 0.13781019 0.42190275]
28564 [0.02284397 0.02460562 0.03167267 0.10724663 0.6470878 ]
48103 [0.03405752 0.04611662 0.09682073 0.12717079 0.33086348]
42091 [0.02700984 0.02861323 0.09412418 0.20491627 0.35600674]
46600 [0.07968332 0.08662082 0.08825509 0.10017592 0.15144402]
46099 [0.02803809 0.03620286 0.04171465 0.06750407 0.6978228 ]
50107 [0.047713   0.04792186 0.13430421 0.27908474 0.43496186]
27562 [0.04823544 0.05118295 0.05550915 0.05710614 0.13223906]
44095 [0.06585646 0.0853024  0.12290471 0.13526212 0.14173847]
29566 [0.04668733 0.04799103 0.05590085 0.08708307 0.33322906]
46600 [0.06546376 0.06666928 0.08454263 0.11378038 0.20984134]
26560 [0.05641902 0.06152155 0.154705   0.1608613  0.18120566]
7021 [0.01464783 0.021001   0.04959494 0.37314305 0.45144844]
37582 [0.04795187 0.05097535 0.05723231 0.07372863 0.15671189]
46099 [0.05750042 0.06073781 0.12163068 0.167596   0.30606717]
35578 [0.01839557 0.04562889 0.19976349 0.20069765 0.36966577]
41089 [0.01012076 0.01056909 0.03619286 0.21242999 0.6362822 ]
32071 [0.03146849 0.03330767 0.0429359  0.16279037 0.44497433]
18043 [0.04646192 0.04660324 0.05441425 0.06705758 0.16446464]
33574 [0.05504828 0.06496209 0.07479672 0.11013735 0.4891291 ]
16540 [0.03662449 0.05110471 0.10971615 0.18158479 0.2992557 ]
48103 [0.03257171 0.03447245 0.06753999 0.09089842 0.09163324]
9025 [0.0383893  0.10913599 0.11874562 0.17426264 0.3094064 ]
50107 [0.04665134 0.09111965 0.11510125 0.12553543 0.18279988]
48103 [0.03508666 0.04072667 0.04454058 0.19259992 0.217409  ]
45097 [0.1057444  0.10622703 0.11927798 0.13216348 0.17077507]
40087 [0.01076262 0.01216935 0.01600952 0.05860963 0.83804077]
40087 [0.02623859 0.03801767 0.04126752 0.28282842 0.47867763]
43594 [0.04945073 0.07734662 0.10330919 0.14840814 0.24831964]
22552 [0.01734302 0.01901266 0.04325271 0.08023944 0.75783026]
6520 [0.03142735 0.04712622 0.05888443 0.07672331 0.08702082]
45598 [0.0276727  0.04473064 0.09160693 0.10801966 0.31801745]
27061 [0.02929319 0.0331237  0.03859244 0.17398559 0.37397474]
44095 [0.09248191 0.09829123 0.10855947 0.16670272 0.33731607]
45097 [0.07281128 0.08948249 0.10349804 0.12839833 0.14320236]
39586 [0.0070633  0.01238426 0.01265751 0.03445894 0.83728594]
49606 [0.0269407  0.02999901 0.03396316 0.04023667 0.11108276]
29065 [0.05132419 0.06013817 0.07300603 0.11117979 0.16704953]
5017 [0.03335181 0.03708598 0.04719605 0.05428811 0.16211788]
22552 [0.05499631 0.09338509 0.10793684 0.12560682 0.34416845]
30568 [0.01048869 0.01166331 0.01626919 0.18852061 0.6540351 ]
16540 [0.05267883 0.05624127 0.05705474 0.06388665 0.17719014]
23053 [0.07494423 0.07532959 0.08170261 0.09289242 0.10472911]
38083 [0.02762831 0.04855823 0.08409321 0.25077644 0.35255736]
24055 [0.05044782 0.06538328 0.09485099 0.13729562 0.24139164]
39085 [0.03140588 0.04561413 0.12363382 0.22850414 0.31926095]
24055 [0.04698954 0.04985769 0.05755437 0.08405451 0.16049805]
50107 [0.00101188 0.00192418 0.00329255 0.04139231 0.94813067]
49105 [0.04701543 0.11416173 0.12916385 0.17960143 0.2475488 ]
40588 [0.03676408 0.12351279 0.12649691 0.13011122 0.32401347]
14536 [0.02456753 0.03663993 0.04251316 0.27398673 0.5081475 ]
49606 [0.03644143 0.03772514 0.14888757 0.21153502 0.3033601 ]
29065 [0.04471654 0.09044091 0.13587616 0.15019825 0.20761603]
34075 [0.04116065 0.05610167 0.08440746 0.14386414 0.21781482]
43594 [0.04468824 0.04742596 0.05019791 0.07658809 0.20807338]
21550 [0.02677498 0.03864413 0.04239422 0.056172   0.60658586]
42592 [0.060489   0.07090817 0.0871054  0.11455502 0.23537172]
26059 [0.04409343 0.05037861 0.05337672 0.09228671 0.27296853]
31069 [0.04554171 0.0490417  0.08587106 0.14642961 0.4099497 ]
24556 [0.03385806 0.03538948 0.10543856 0.15639518 0.3188098 ]
28063 [0.00584078 0.00640703 0.01453919 0.01641123 0.90526056]
24055 [0.04846463 0.09220973 0.10535987 0.14702004 0.25706318]
9025 [0.03829712 0.04316555 0.05125835 0.08094254 0.15895589]
41089 [0.02917401 0.02962956 0.03546381 0.06669889 0.5138496 ]
49105 [0.05819352 0.08651014 0.0970735  0.10478435 0.1504746 ]
40588 [0.09093668 0.09676457 0.10597622 0.13036989 0.17409354]
50107 [0.00323648 0.00349923 0.00597053 0.00728585 0.93997496]
35578 [0.02403527 0.02659258 0.05214072 0.3763053  0.40553573]
23053 [0.02006298 0.02034074 0.05028791 0.18458533 0.6004637 ]
34075 [0.0330788  0.036169   0.04244028 0.07481991 0.09196206]
28063 [0.04225622 0.04680651 0.05216194 0.06162171 0.1638097 ]
40087 [0.04517253 0.04643853 0.05643142 0.05895015 0.11103628]
32572 [0.02370933 0.0270746  0.03992514 0.0543676  0.47673532]
24556 [0.02215629 0.07545401 0.07628463 0.15706578 0.22767295]
15037 [8.7801757e-04 1.6595495e-03 2.2916268e-03 9.1541717e-03 9.7622013e-01]
33574 [0.05712258 0.05793946 0.06195892 0.08013333 0.09279579]
11029 [0.04271036 0.05991873 0.11457544 0.15002184 0.17095558]
46600 [0.03963775 0.04811097 0.05654291 0.08982623 0.15410921]
47602 [0.09092936 0.12419079 0.1267792  0.18964249 0.34435615]
21049 [0.02820554 0.02822774 0.03169445 0.03344617 0.5596388 ]
49606 [0.0413832  0.05070426 0.08198704 0.08892652 0.14876719]
45598 [0.06471367 0.09660396 0.12370418 0.16736297 0.18231575]
21049 [0.01516783 0.0311378  0.0727173  0.12234957 0.64916897]
23554 [0.04317464 0.0588222  0.06846015 0.07567896 0.32724458]
49606 [0.08677679 0.10907097 0.13337693 0.14588183 0.34890062]
9526 [0.04124278 0.04341882 0.05330854 0.14059067 0.2024078 ]
33073 [0.02601702 0.03079467 0.03645001 0.04712931 0.29876822]
41089 [0.06363887 0.08802162 0.10138475 0.14499475 0.16352881]
23053 [0.07132832 0.09220865 0.10946332 0.14290603 0.18884206]
24055 [0.04951374 0.05249871 0.06918354 0.12323963 0.15454854]
5518 [0.05789214 0.06883469 0.0705756  0.20198461 0.30322176]
21550 [0.03664153 0.0407044  0.05208715 0.06706613 0.55425894]
34576 [0.03445669 0.04071352 0.05331565 0.08200764 0.24870905]
6019 [0.04728463 0.06354828 0.06840549 0.07421464 0.12214513]
35578 [0.00408394 0.01300902 0.07087655 0.41568244 0.45408365]
27061 [0.04449347 0.05873611 0.06259699 0.18417554 0.19589107]
40087 [0.04525827 0.04607715 0.06701814 0.0787763  0.22119154]
39586 [0.03630213 0.06078592 0.13575524 0.17185834 0.4861615 ]
33574 [0.06637732 0.07358214 0.07761456 0.11507674 0.12823153]
49606 [0.0775071  0.11050577 0.11495012 0.18049562 0.38978574]
33073 [0.06196476 0.12801631 0.14750262 0.15323107 0.16071701]
45097 [0.03528467 0.04253082 0.04786856 0.06199303 0.11095653]
49606 [0.03285953 0.03505697 0.0546107  0.11128848 0.29760793]
20548 [0.00716357 0.00841629 0.00910902 0.09250274 0.8286954 ]
46099 [0.01567905 0.01913525 0.02088771 0.31623542 0.36413267]
50107 [0.05733272 0.0618921  0.09062505 0.22297087 0.25034907]
38083 [0.03223404 0.04248248 0.12625156 0.20755994 0.41374195]
20548 [0.0046309  0.01042364 0.01075038 0.42966545 0.535166  ]
50107 [0.02209341 0.02725478 0.02878492 0.05957926 0.7510871 ]
50107 [0.05476787 0.05790949 0.06330317 0.08039173 0.09826206]
10528 [0.05531634 0.06260092 0.07571231 0.14421828 0.22195457]
18043 [0.02791671 0.05412551 0.06220901 0.07849763 0.33770013]
13033 [0.041746   0.04626311 0.04644041 0.06734318 0.41219112]
30067 [0.0602097  0.07676134 0.0920983  0.11368058 0.2674669 ]
19546 [0.04192872 0.06378525 0.06485646 0.13910517 0.26930803]
34576 [0.03340605 0.03459808 0.05660182 0.06147563 0.30630392]
23053 [0.00960087 0.01046099 0.05252201 0.07600312 0.7592159 ]
38083 [0.01429925 0.0342713  0.03723536 0.18433872 0.6818208 ]
10027 [0.02843994 0.03130619 0.0393543  0.30729002 0.30918577]
46099 [0.09470981 0.09847999 0.12911206 0.13653986 0.1448656 ]
19045 [0.07518137 0.09482767 0.09827434 0.13767022 0.17364451]
5017 [0.05026681 0.08565143 0.08637097 0.14427176 0.3132802 ]
19546 [0.02801599 0.0288673  0.0351903  0.12317271 0.5191505 ]
5017 [0.01941445 0.08774935 0.11226536 0.17677137 0.32742092]
15037 [0.0373771  0.04388599 0.05905995 0.0620579  0.52950066]
37081 [0.01219055 0.01981406 0.04162157 0.31136525 0.52328384]
18544 [0.04995836 0.06241515 0.09023596 0.09350753 0.12949134]
29065 [0.0367347  0.06366932 0.0705929  0.13723919 0.34330338]
6019 [0.02911279 0.08359321 0.08879784 0.12603338 0.462697  ]
49105 [0.07048067 0.07076672 0.11507756 0.12392379 0.14818713]
41089 [0.03759196 0.06274507 0.06382063 0.18913016 0.3241119 ]
19546 [0.03060115 0.06448229 0.06757867 0.14764015 0.24347459]
31570 [0.05348963 0.05756326 0.06179937 0.08509968 0.293773  ]
37582 [0.03918434 0.04007071 0.04525807 0.07592478 0.31521717]
31570 [0.04641331 0.05635385 0.06374915 0.07272824 0.49540642]
41590 [0.03712451 0.04225342 0.08037112 0.10806207 0.17484859]
38083 [0.04760795 0.04881766 0.07427437 0.16502692 0.19155201]
19546 [0.05543036 0.06527369 0.0679445  0.11308655 0.26713228]
30067 [0.04504523 0.05503657 0.07138786 0.07317743 0.27506846]
37582 [0.05210902 0.06407319 0.12620254 0.23595624 0.29000646]
17041 [0.04741476 0.05668772 0.08963413 0.11417779 0.12304893]
37081 [0.04862807 0.05092743 0.10069919 0.11168315 0.4761225 ]
34576 [0.0413464  0.04576394 0.04702502 0.16890395 0.55437857]
39586 [0.03774339 0.05054803 0.06038993 0.11149696 0.12732892]
35077 [0.03831172 0.03953825 0.04671816 0.04885317 0.05140576]
40087 [0.02892907 0.03397419 0.03418757 0.03480785 0.41970396]
46600 [0.0719696  0.0731459  0.09053926 0.09725615 0.10024794]
11530 [0.04430285 0.07799158 0.12194635 0.2151337  0.3005517 ]
36580 [0.04596907 0.04622554 0.04840008 0.05381049 0.06302677]
24556 [0.03436394 0.04405273 0.06079666 0.07657149 0.48448193]
8023 [0.04750082 0.05005197 0.06352276 0.11297277 0.19458722]
21550 [0.04241046 0.05744261 0.1154497  0.14510871 0.3062921 ]
49105 [0.02919718 0.03305778 0.05521262 0.08998547 0.5224323 ]
38083 [0.03573708 0.0428254  0.05124341 0.127656   0.28808495]
40588 [0.03051997 0.06993444 0.15088159 0.21322139 0.3336589 ]
42592 [0.02606565 0.0353777  0.09033056 0.19221658 0.26871756]
19546 [0.01802028 0.09214659 0.09267563 0.31282026 0.32587186]
29065 [0.04184867 0.05434241 0.07284325 0.26268363 0.4113994 ]
44095 [0.05226755 0.06933524 0.15728378 0.21080002 0.23254505]
47602 [0.02116719 0.02349449 0.03611344 0.10171776 0.58810556]
33574 [0.02399514 0.02433341 0.04745776 0.059646   0.70370615]
17542 [0.05093762 0.05919347 0.06431668 0.06966405 0.31556287]
49606 [0.02692509 0.02909995 0.08301924 0.3290829  0.36479416]
20047 [0.00721973 0.00829075 0.00899796 0.02816922 0.9125014 ]
22051 [0.04657694 0.04967177 0.05096126 0.07806347 0.2659617 ]
15037 [0.0327859  0.05327867 0.05482777 0.08310388 0.5239869 ]
19045 [0.03649194 0.06962108 0.08822072 0.17523147 0.2851039 ]
39586 [0.03274363 0.03502694 0.08096732 0.09664742 0.11797726]
45097 [0.11164328 0.11369409 0.11584897 0.13580784 0.14516327]
30568 [0.02631134 0.03168346 0.06070547 0.11894647 0.45776618]
43093 [0.00724752 0.01513918 0.0202052  0.04014444 0.7887658 ]
20047 [0.0345648  0.03465144 0.03977027 0.10743012 0.5848642 ]
37582 [0.07458292 0.07749866 0.09910727 0.10053386 0.14373273]
25057 [0.02248827 0.03064819 0.16516984 0.24684675 0.44284606]
35077 [0.00465612 0.00600266 0.0060762  0.01214738 0.9354778 ]
45097 [0.06001647 0.06128412 0.09907214 0.20906654 0.23245692]
29065 [0.0098831  0.01127748 0.01953871 0.21439593 0.6350894 ]
15538 [0.01951751 0.03323596 0.09266091 0.17837758 0.4829934 ]
40588 [0.04216443 0.06725627 0.08115271 0.09713078 0.3397337 ]
43594 [0.05660089 0.06674483 0.0833636  0.10283305 0.10485776]
10027 [0.03752691 0.08869705 0.09041332 0.13271128 0.29487234]
10528 [0.00115956 0.00125482 0.00338553 0.0096709  0.96582776]
26560 [0.0332276  0.03415587 0.03964473 0.064033   0.39547396]
25057 [0.04124118 0.04350538 0.05488556 0.06609914 0.28370237]
16039 [0.05588914 0.05756111 0.11184583 0.11601684 0.11774364]
48604 [0.05007942 0.05701181 0.05852941 0.09674802 0.11349284]
45097 [0.02900171 0.04041276 0.04452411 0.05542219 0.05620975]
19546 [0.05858924 0.07804932 0.10038787 0.13929816 0.14610425]
22051 [0.05949011 0.08250416 0.08708303 0.09156798 0.2673627 ]
26059 [0.01752439 0.0176834  0.02649467 0.12888424 0.6712069 ]
20047 [0.04777637 0.05249816 0.05694995 0.0759781  0.16162378]
13033 [0.01074495 0.01186469 0.01306292 0.04371537 0.8066405 ]
32071 [0.04840695 0.04967251 0.1103442  0.12331183 0.1250799 ]
22051 [0.03658345 0.05724315 0.10019464 0.14027601 0.43875927]
40588 [0.09034448 0.09956913 0.10115013 0.16129284 0.20307685]
38584 [0.05117492 0.05620867 0.07659157 0.08387833 0.32841417]
31570 [0.02493201 0.02618639 0.03071162 0.03992761 0.597458  ]
33574 [0.03036012 0.05206102 0.05836349 0.21453892 0.35168967]
35578 [0.06440213 0.06633871 0.07191467 0.12431192 0.18070915]
34075 [0.05605014 0.09373134 0.09963215 0.13270237 0.27446193]
26059 [0.00677918 0.00827286 0.01157952 0.05085566 0.88519895]
35077 [0.05145059 0.05928024 0.07200756 0.18295313 0.3733458 ]
32572 [0.04340695 0.07448379 0.08625558 0.16348276 0.3299965 ]
23554 [0.04131106 0.04383069 0.05519065 0.11957218 0.53032386]
46600 [0.04882811 0.06966272 0.07322702 0.10856695 0.39309603]
7522 [0.02336958 0.0287779  0.02894864 0.05656467 0.40604517]
42091 [0.06865046 0.08366397 0.09103047 0.09568285 0.11465387]
23053 [0.07397139 0.08592492 0.0937124  0.09596026 0.103258  ]
23554 [0.02718493 0.04854069 0.06139372 0.07474056 0.5418641 ]
39586 [0.0453934  0.06156877 0.09392397 0.094519   0.21653636]
46099 [0.05292612 0.06927346 0.07485266 0.10226747 0.15051568]
39085 [0.03142754 0.06045082 0.10111735 0.10512906 0.1339701 ]
34075 [0.02113407 0.02692558 0.02742921 0.03759806 0.71458733]
23053 [0.04412148 0.04941523 0.04956787 0.10826855 0.14706208]
42592 [0.03577576 0.03609929 0.03972685 0.06533144 0.1112228 ]
23554 [0.03172    0.03521561 0.0488916  0.06426899 0.12195223]
17542 [0.0384905  0.04623051 0.06116034 0.09567648 0.2130127 ]
21550 [0.0417525  0.0457365  0.07552268 0.14644518 0.34193584]
45598 [0.07350835 0.07362481 0.1458827  0.16080739 0.19111745]
42091 [0.03782923 0.03927198 0.0888762  0.17708327 0.20708701]
34576 [0.0505544  0.05613939 0.09808519 0.16773206 0.23536977]
27562 [0.00448435 0.00473234 0.00692454 0.02977506 0.89079183]
42592 [0.07232081 0.07256337 0.1283924  0.14772888 0.2501354 ]
46600 [0.03720821 0.04144906 0.05772365 0.13249792 0.31365055]
44095 [0.05078961 0.08285498 0.09948952 0.11757494 0.17876035]
41590 [0.00598162 0.06411719 0.0645112  0.1425506  0.68316835]
44095 [0.02812619 0.03139825 0.05160551 0.0672182  0.09749524]
24556 [0.04921241 0.05054806 0.05844977 0.12267679 0.26870874]
32572 [0.04964077 0.05096026 0.0649388  0.06740747 0.24653973]
14035 [0.06193371 0.07078936 0.1171104  0.12038575 0.22415902]
22051 [0.02100782 0.0349292  0.04579297 0.21196759 0.40449846]
50107 [0.00253924 0.00591336 0.0286733  0.08352882 0.867796  ]
38083 [0.04499222 0.04554287 0.06801288 0.10108802 0.2837172 ]
28063 [0.03344737 0.05957171 0.06351161 0.13723129 0.545263  ]
21049 [0.00671934 0.00714706 0.01261733 0.01551457 0.9146877 ]
14536 [0.03689767 0.05866493 0.07720476 0.1568964  0.50576645]
13033 [0.01092861 0.01852678 0.0299654  0.03201398 0.75347316]
50107 [0.00333401 0.00709882 0.00826431 0.01702989 0.93626094]
41590 [0.03476229 0.05524157 0.162355   0.17796382 0.2998625 ]
40087 [0.03712826 0.0548235  0.08912801 0.13044667 0.15237677]
35077 [0.06147103 0.0816295  0.083375   0.09260655 0.16399461]
10027 [0.03000921 0.03239278 0.05170934 0.0543579  0.7814169 ]
19546 [0.06344846 0.06587323 0.06597414 0.15998702 0.18769957]
39085 [0.04189746 0.04853228 0.06668622 0.08250267 0.1873169 ]
41089 [0.03660178 0.03773849 0.03880662 0.04468054 0.2658748 ]
49105 [0.02047436 0.04121256 0.04243818 0.10954885 0.48127502]
12031 [0.03661392 0.04640991 0.07058838 0.20231386 0.32680258]
20548 [0.02193358 0.02289311 0.05100255 0.05634339 0.21110101]
42592 [0.03072354 0.03781624 0.08195689 0.3075179  0.30845279]
35578 [0.03757854 0.04763522 0.04941795 0.10411134 0.17754647]
45598 [0.0354626  0.05140652 0.07359866 0.14812782 0.22449121]
45598 [0.01654664 0.02302616 0.02390283 0.0534666  0.64877135]
30568 [0.04346059 0.05150488 0.0614669  0.06397977 0.23848788]
18043 [0.03971127 0.05323115 0.08805109 0.15541282 0.2513481 ]
37582 [0.03443015 0.03627605 0.03722961 0.2318323  0.52538705]
25057 [0.03946551 0.06057594 0.15433848 0.21601026 0.32863647]
19045 [0.08716262 0.10788272 0.13423738 0.14042985 0.21728328]
10528 [0.0351285  0.04073408 0.05248532 0.15249175 0.28921488]
38083 [0.06397191 0.07840358 0.09159578 0.11094586 0.17294027]
49606 [0.06782443 0.07488345 0.09377873 0.10382776 0.51242214]
19546 [0.07173806 0.07933655 0.08748829 0.12867796 0.16516417]
49606 [0.01595225 0.0182751  0.04761417 0.13187014 0.676278  ]
13534 [0.05752584 0.06131918 0.07124045 0.08138604 0.1057812 ]
17542 [0.03614086 0.0496644  0.07420206 0.16582453 0.37458333]
5518 [0.00714543 0.01081723 0.0163637  0.01826865 0.9146133 ]
13033 [0.03478342 0.05753383 0.05863917 0.09362775 0.40031266]
32572 [0.05416426 0.05994518 0.06889484 0.18020253 0.21077698]
31069 [0.03134068 0.03334225 0.04642769 0.04910499 0.24360836]
13534 [0.01398981 0.03346753 0.08030894 0.22104481 0.5873116 ]
6520 [0.03014909 0.03567626 0.0442356  0.0522659  0.22085962]
32071 [0.0397756  0.03985804 0.0681473  0.23042351 0.25657302]
21049 [0.04005031 0.04882857 0.05578292 0.25314915 0.27897045]
14035 [0.04191349 0.06068394 0.13911387 0.20145161 0.2358827 ]
14035 [0.04213887 0.07230172 0.07586735 0.1130159  0.11348853]
45097 [0.04002433 0.05401879 0.05448038 0.06229626 0.10035336]
36580 [0.06795204 0.06814862 0.0695733  0.07098734 0.15622197]
49105 [0.03431446 0.03847038 0.04906463 0.10277104 0.37099633]
47602 [0.07111416 0.07545873 0.07583141 0.08558467 0.1294309 ]
18043 [0.03530951 0.04274564 0.05534132 0.06405539 0.17392966]
6019 [0.04836926 0.04951259 0.05578314 0.06458026 0.09429421]
34576 [0.04122016 0.05264678 0.14845748 0.19254656 0.2921558 ]
27061 [0.03207205 0.05159427 0.08079608 0.31220755 0.34261805]
43093 [0.01697923 0.01877724 0.02180984 0.04429266 0.78304684]
45598 [0.0542242  0.07319216 0.09474616 0.14919727 0.15262677]
40588 [0.0739097  0.08354453 0.09244777 0.09923534 0.1458302 ]
17542 [0.04678365 0.06918542 0.06957387 0.15774764 0.23350549]
48604 [0.05918029 0.12044501 0.12293436 0.14128353 0.21114741]
45598 [0.03133101 0.03658233 0.09452608 0.09725749 0.16801535]
49606 [0.04840881 0.06235164 0.09856213 0.10799309 0.11783929]
44596 [0.02635058 0.02911768 0.10863778 0.1745481  0.26748952]
18043 [0.05033466 0.058448   0.07711951 0.09011155 0.18199944]
25057 [0.01887317 0.02051413 0.02347254 0.06943709 0.6073928 ]
49105 [0.0428785  0.04367099 0.05116204 0.09762067 0.12238632]
30568 [0.01491201 0.02009437 0.02708581 0.17169626 0.61641616]
45598 [0.0624612  0.06516733 0.07704217 0.08991402 0.24650037]
11530 [0.01003967 0.01032318 0.02760027 0.02906431 0.85515684]
38584 [0.04959104 0.07953844 0.10328241 0.14621408 0.17197056]
32071 [0.04653097 0.05695659 0.06214118 0.10925194 0.1842174 ]
25558 [0.05210752 0.05336785 0.06357965 0.0846213  0.16918975]
46600 [0.03326454 0.03458233 0.03973705 0.07074916 0.09308218]
41590 [0.07541261 0.08493815 0.12559152 0.15413219 0.17647359]
19045 [0.04891068 0.05136387 0.05136695 0.05571862 0.05701276]
44596 [0.04404378 0.05011581 0.0612149  0.17248805 0.25942612]
38083 [0.02672124 0.03008387 0.03740176 0.13424829 0.4159613 ]
36580 [0.03997057 0.06597792 0.07249098 0.16251314 0.3781121 ]
35077 [0.02955994 0.05227743 0.09358165 0.1125098  0.26466385]
44596 [0.00342361 0.00405527 0.00603687 0.01490227 0.90532005]
26560 [0.02665933 0.03409236 0.05482559 0.08208422 0.28321448]
24055 [0.04030776 0.04408434 0.11436418 0.12839709 0.32450885]
18043 [0.04150767 0.04159722 0.04346782 0.26768625 0.27350867]
49606 [0.0281756  0.03456671 0.03737238 0.13479955 0.6083793 ]
45598 [0.05787667 0.0673358  0.10076596 0.1141043  0.11748019]
49606 [0.05643517 0.06336916 0.07062549 0.07291277 0.09762913]
8524 [0.03110045 0.03457135 0.0526947  0.07392532 0.09225261]
49105 [0.01751716 0.02916828 0.0314819  0.0924845  0.6084942 ]
49105 [0.04417116 0.04538744 0.1449773  0.24261723 0.27658942]
13534 [0.00359602 0.00385886 0.00595111 0.01070555 0.9453769 ]
40087 [0.0329573  0.03706313 0.04699386 0.13254133 0.4548531 ]
48604 [0.02967066 0.03455773 0.0467057  0.17765091 0.31859672]
30067 [0.0397858  0.07353308 0.08768779 0.1318581  0.25493246]
21550 [0.06110233 0.06300641 0.06667031 0.08397497 0.12124071]
38083 [0.03734237 0.04364741 0.0932527  0.12477662 0.19226879]
24556 [0.03862567 0.0396768  0.04860935 0.05305    0.26454848]
8023 [0.01605076 0.02254946 0.03931968 0.04056951 0.4791763 ]
8524 [0.04894586 0.05296969 0.06641161 0.06712496 0.0756155 ]
40588 [0.03107932 0.05490153 0.06178221 0.17314637 0.3353481 ]
18544 [0.04824481 0.05814464 0.06264371 0.07818436 0.18015076]
32071 [0.05361739 0.05661808 0.06939175 0.09850477 0.26844567]
38083 [0.06594346 0.07414654 0.0910215  0.11081981 0.15381743]
14536 [0.04002699 0.05465843 0.06916433 0.20033841 0.2047438 ]
46600 [0.02176716 0.03500171 0.04085292 0.0808159  0.68144965]
49606 [0.01968087 0.02430431 0.08889581 0.17304161 0.46819142]
19045 [0.00929526 0.0146874  0.02536478 0.03342275 0.85738313]
24055 [0.01136214 0.01348654 0.01360744 0.06099193 0.66079897]
25558 [0.06468618 0.0779661  0.08068526 0.08177154 0.20664568]
46099 [0.04712778 0.05715997 0.0996322  0.14600375 0.30372158]
14536 [0.01047888 0.01231087 0.01304515 0.0302229  0.7733142 ]
5017 [0.03384421 0.06285261 0.15248697 0.21414982 0.3276178 ]
39085 [0.00565086 0.0069776  0.01012115 0.02247005 0.89952695]
41590 [0.05867348 0.06143996 0.06605037 0.06900631 0.08376874]
50176 [None]
34075 [0.04295831 0.04409852 0.04510086 0.08661897 0.18891358]
45097 [0.04967321 0.0631068  0.08598097 0.18340962 0.26519868]
47602 [0.04403562 0.07441566 0.0787754  0.20644854 0.23337354]
48604 [0.04650176 0.05197778 0.05739217 0.06779213 0.08958513]
40588 [0.03982065 0.05010522 0.06038307 0.08278368 0.21528205]
5017 [0.02104247 0.02580502 0.03161727 0.18553081 0.41713077]
5017 [0.02997623 0.0590367  0.11916919 0.14538124 0.18649207]
40087 [0.03192725 0.0353686  0.08363556 0.13424772 0.65408677]
27562 [0.03642249 0.0383982  0.1300576  0.16278145 0.24161188]
5017 [0.02800502 0.07576934 0.08003944 0.24530822 0.30073512]
6520 [0.02632196 0.08243354 0.08934096 0.13387227 0.18528108]
5017 [0.03578723 0.03624985 0.04051773 0.05594769 0.07457434]
40588 [0.04155392 0.06892175 0.1176583  0.14640899 0.17178828]
5017 [0.01614697 0.05318457 0.06605231 0.09575917 0.6592635 ]
46600 [0.01529877 0.02578802 0.09428674 0.29308608 0.37244216]
5017 [0.01752428 0.01806135 0.06224907 0.07856171 0.58774865]
42091 [0.06223992 0.11160402 0.11676677 0.14670101 0.1597683 ]
33574 [0.04704833 0.05048769 0.13271357 0.13906762 0.25392884]
37081 [0.02761578 0.0411872  0.0724939  0.11821727 0.21517706]
20047 [0.05104801 0.06374293 0.07808003 0.14193465 0.22201054]
5518 [0.04429213 0.04584735 0.04925815 0.07071607 0.11496296]
30067 [0.03301523 0.05100571 0.05206262 0.10785773 0.38022918]
32572 [0.05948694 0.08232059 0.08517373 0.12792152 0.14246339]
41089 [0.02125735 0.04763035 0.09234246 0.21236083 0.47098002]
40588 [0.02093409 0.02594364 0.11004895 0.1815091  0.39785752]
7522 [0.06062023 0.06095449 0.07914538 0.12732996 0.18949395]
34576 [0.03895318 0.05537456 0.08347477 0.11977878 0.2394951 ]
50107 [0.04195546 0.11406364 0.16402404 0.17400575 0.3881425 ]
6520 [0.02871037 0.03263702 0.05010225 0.25711778 0.4617733 ]
41590 [0.05099954 0.05679014 0.05743524 0.08762046 0.35937408]
47101 [0.05411292 0.06854802 0.07715356 0.2606972  0.27138144]
13033 [0.03842132 0.06328171 0.08548952 0.10577109 0.1406717 ]
17542 [0.01481561 0.01725519 0.15378073 0.2398186  0.4612232 ]
29065 [0.0705588  0.08377395 0.10027768 0.11074583 0.1197037 ]
31069 [0.01271455 0.01433387 0.03495086 0.24722445 0.4912746 ]
5017 [0.02508499 0.03166277 0.03282253 0.10326339 0.13861474]
49606 [0.0388932  0.05086517 0.05427479 0.12712128 0.63313997]
21049 [0.01568087 0.01980754 0.03356066 0.05122097 0.65791327]
8524 [0.01645079 0.01727524 0.02105448 0.10917693 0.49358353]
50107 [0.03900971 0.04548562 0.05527557 0.31135517 0.44840747]
13033 [0.04283725 0.05099143 0.06078616 0.11814165 0.37092355]
34075 [0.01548648 0.06510069 0.18106699 0.2264577  0.2598867 ]
9025 [0.05616129 0.07091609 0.07657807 0.08577236 0.08802418]
7021 [0.03060892 0.03086187 0.0337085  0.03801934 0.03972993]
38083 [0.02958325 0.03652574 0.09407772 0.19271821 0.3916333 ]
29566 [0.05310809 0.05546515 0.114245   0.16580641 0.28115755]
6019 [0.00830054 0.01256222 0.02269514 0.09506512 0.7967588 ]
43093 [0.04412937 0.06160098 0.08129492 0.0899743  0.15790574]
37582 [0.00206642 0.00254252 0.00272792 0.00326349 0.971849  ]
9025 [0.03108589 0.03982697 0.08207243 0.12645414 0.5467033 ]
32071 [0.01893039 0.02673696 0.0893106  0.0988682  0.56160975]
40588 [0.06383215 0.11024327 0.156921   0.18218769 0.22484416]
18043 [0.02703909 0.02950264 0.06778017 0.22713928 0.33183268]
9526 [0.04023897 0.05024832 0.07248972 0.07813491 0.14607249]
22552 [0.04152084 0.06735873 0.07196484 0.09129199 0.11140435]
36079 [0.05940798 0.07229988 0.09290326 0.10215656 0.32042593]
29065 [0.05236163 0.07728923 0.09939601 0.14674543 0.18905863]
45598 [0.04088077 0.0674729  0.08450029 0.11273193 0.40499306]
50107 [0.00367805 0.00789149 0.03484503 0.04134104 0.8931406 ]
16540 [0.05943631 0.06197101 0.09336591 0.18323618 0.19161935]
43093 [0.02200227 0.02232408 0.02531674 0.02810604 0.70779514]
32572 [0.06405368 0.066563   0.08336522 0.10328609 0.10368214]
40588 [0.0025038  0.00626677 0.00916168 0.00983786 0.9595441 ]
10027 [0.03829818 0.04593507 0.11068853 0.16397595 0.19582765]
32572 [0.03099924 0.03656451 0.0376667  0.20347089 0.45822316]
46099 [0.00807616 0.01488331 0.01573409 0.033511   0.9167412 ]
39085 [0.03414262 0.03455247 0.05431917 0.07464372 0.36927876]
49606 [0.05715383 0.07934388 0.10317459 0.17201138 0.20686789]
28564 [0.04866052 0.06207746 0.11813206 0.12488685 0.39977247]
42592 [0.07397141 0.0784895  0.08721973 0.13320442 0.13919091]
48604 [0.03499633 0.0414123  0.04580352 0.20179386 0.30860463]
49606 [0.05054958 0.05096123 0.05418171 0.06868952 0.08153742]
32071 [0.01185095 0.0161415  0.030792   0.14973444 0.6417127 ]
30067 [0.03173962 0.03186533 0.10968757 0.22087853 0.35361484]
39085 [0.05572055 0.08135593 0.08520997 0.08638451 0.10758337]
23053 [0.03945053 0.04287406 0.06652281 0.09146449 0.4843296 ]
21550 [0.04143248 0.05135423 0.06762094 0.09499782 0.29229316]
17041 [0.0559276  0.07984852 0.12197212 0.16268666 0.18059625]
48103 [0.05421461 0.06381466 0.08471594 0.1061755  0.12090092]
43093 [0.06357534 0.07468174 0.09486594 0.1536492  0.24600722]
30568 [0.0635686  0.07496215 0.1048113  0.11204214 0.15894644]
45598 [0.01052224 0.01299668 0.01648374 0.0423631  0.7330448 ]
44596 [0.04529341 0.05115627 0.06045286 0.06478747 0.38410187]
47101 [0.04367002 0.05132423 0.11440261 0.21138123 0.2458753 ]
25558 [0.02482123 0.0249231  0.02619587 0.08930027 0.32244158]
43093 [0.01693516 0.01867023 0.03675214 0.34099278 0.40472698]
33574 [0.08339805 0.09427257 0.12273774 0.12427375 0.18338886]
27061 [0.05968379 0.08101149 0.08890264 0.12945896 0.23729832]
29566 [0.0466026  0.05361001 0.06323379 0.06805139 0.14476596]
23053 [0.03684065 0.0623995  0.16629636 0.26587898 0.27149686]
21049 [0.04013623 0.05443923 0.10812418 0.13023448 0.42670655]
5017 [0.05552357 0.06348605 0.07809242 0.14946604 0.29979298]
10027 [0.04303364 0.05428692 0.0782259  0.15542129 0.25207427]
39085 [0.03452426 0.0453986  0.0717002  0.17613594 0.19607717]
42592 [0.04073076 0.06456892 0.12169111 0.14185959 0.290226  ]
33073 [0.02947509 0.06488624 0.17707077 0.22387747 0.3653353 ]
43093 [0.04005565 0.04226775 0.04342655 0.07137223 0.3917843 ]
9025 [0.01881394 0.03832766 0.15311718 0.26574948 0.40293515]
42091 [0.02193376 0.02567667 0.09047011 0.3316393  0.36839303]
14536 [0.05612232 0.06618138 0.10532333 0.11242896 0.22097561]
23053 [0.04023129 0.04311033 0.04726424 0.10719558 0.28005633]
22051 [0.05314036 0.06705788 0.07370354 0.11760553 0.204023  ]
14035 [0.04205701 0.04318935 0.04485138 0.06010533 0.16865237]
49606 [0.0506984  0.0793149  0.15685716 0.1859594  0.20233847]
30067 [0.0277386  0.0293967  0.03486817 0.04253864 0.37574625]
27061 [0.04354698 0.09826262 0.10146276 0.12310814 0.18918806]
28564 [0.04088352 0.04320491 0.13142262 0.18042405 0.39103088]
23053 [0.03168602 0.03297811 0.16963014 0.19343993 0.35480756]
39586 [0.00187591 0.00217881 0.00254095 0.00582152 0.964539  ]
24556 [0.02660188 0.03093055 0.0578654  0.17668961 0.43065962]
33073 [0.03062831 0.03740143 0.06389219 0.10668637 0.4803069 ]
38083 [0.03051934 0.03761182 0.03884668 0.10378362 0.31026468]
43594 [0.05766365 0.06381726 0.11421901 0.19004895 0.19461875]
30067 [0.0222897  0.02236479 0.03967518 0.1547324  0.44782105]
31069 [0.02785973 0.03052654 0.07820864 0.09354048 0.42716944]
29566 [0.03224851 0.03998618 0.10664356 0.15248345 0.34153447]
30568 [0.04526862 0.05076963 0.05189118 0.21080382 0.35257307]
40588 [0.04397172 0.0448448  0.05808992 0.12022203 0.4005254 ]
42091 [0.03849215 0.04190027 0.058374   0.08789296 0.5796694 ]
6520 [0.02649653 0.02808374 0.06548078 0.07503815 0.5101791 ]
6019 [0.02202564 0.02247451 0.0245449  0.02564098 0.4769927 ]
49105 [0.03329687 0.08178645 0.08802868 0.1769167  0.35272107]
24556 [0.0650052  0.08411311 0.10445847 0.13997215 0.26257625]
29065 [0.06501474 0.07953271 0.10196    0.1097004  0.15134194]
44095 [0.03888253 0.04300425 0.0435935  0.05581513 0.57286423]
26059 [0.07081547 0.11181083 0.11804555 0.12541544 0.19442923]
24055 [0.01845991 0.03417025 0.05521037 0.12129353 0.70613563]
47602 [0.0661522  0.06637173 0.07163695 0.18572032 0.25973666]
5518 [0.02767217 0.03170904 0.0407257  0.04526726 0.23817483]
48103 [0.0325488  0.03873942 0.04297038 0.08252544 0.13086362]
34576 [0.01454446 0.02549399 0.22695543 0.23436709 0.35582048]
27562 [0.04552052 0.05274443 0.07287987 0.14038627 0.1569615 ]
20548 [0.03422201 0.0430277  0.05512736 0.16577442 0.23232652]
24055 [0.05567573 0.06336618 0.07161392 0.0738538  0.08796331]
20047 [0.03671744 0.03875155 0.06695163 0.1561847  0.6520593 ]
32071 [0.04568487 0.05495564 0.05798122 0.21569522 0.31150767]
5017 [0.0133348  0.01544773 0.054382   0.11269587 0.53820163]
20047 [0.04056648 0.05835662 0.08716415 0.11288736 0.2632461 ]
22051 [0.01653889 0.0339768  0.03737573 0.06825194 0.6567103 ]
40087 [0.0261898  0.05146817 0.05425553 0.09874342 0.1441263 ]
5017 [0.0408986  0.04115456 0.08111983 0.11401446 0.23400441]
18043 [0.0368365  0.07492026 0.08201946 0.11818735 0.19285029]
28564 [0.04503065 0.14881185 0.17150141 0.23626123 0.28875867]
21550 [0.01623091 0.02988907 0.04238172 0.09955749 0.70980114]
49606 [0.01465322 0.05172316 0.07971091 0.11347435 0.60015225]
30067 [0.00743359 0.00917637 0.01768902 0.11293749 0.7617369 ]
44095 [0.04846466 0.10879482 0.1096979  0.24272016 0.26647124]
37582 [0.04737051 0.0802962  0.08100728 0.09726344 0.13361806]
42091 [0.02752068 0.03344997 0.03518865 0.07220653 0.5345634 ]
43594 [0.04387904 0.05007293 0.07976634 0.12247793 0.17320983]
49105 [0.04963251 0.05109168 0.07750932 0.08600176 0.22301929]
