32071 [0.04350676 0.04653966 0.05212016 0.06251354 0.5711648 ]
46099 [0.0649856  0.06781344 0.07860085 0.09700571 0.22620612]
32572 [0.02489721 0.0270755  0.02959099 0.28389597 0.5318478 ]
45097 [0.00737709 0.00919834 0.0128393  0.05245845 0.83972746]
33073 [0.00590432 0.00739844 0.01191055 0.0179018  0.9284112 ]
38083 [0.02447118 0.03463055 0.14770629 0.19947244 0.2593602 ]
25057 [0.03093445 0.07308312 0.08123355 0.10399734 0.34848985]
49105 [0.05896575 0.06067814 0.06142406 0.06798384 0.08779793]
41089 [6.2202191e-04 6.2245864e-04 4.2270394e-03 4.6596779e-03 9.8525423e-01]
36079 [0.05354148 0.07788471 0.08152445 0.1054151  0.13175318]
48604 [0.02909864 0.04001475 0.04933247 0.2085392  0.25554878]
46600 [0.04336921 0.05398329 0.06224412 0.11150292 0.20371413]
33574 [0.00984045 0.0106146  0.02581872 0.04369339 0.82116175]
35578 [0.02411547 0.0447356  0.05618372 0.24637711 0.33543187]
41089 [0.07007973 0.07055444 0.08107124 0.13761055 0.1533559 ]
48103 [0.05486945 0.06802224 0.18294649 0.25022614 0.27103546]
8023 [0.02124013 0.02135283 0.02626516 0.04831623 0.10699983]
31570 [0.01905112 0.02063254 0.04085157 0.14898787 0.48241836]
49105 [0.02641924 0.03134883 0.04188797 0.05038589 0.7348698 ]
49606 [0.04655085 0.06448846 0.07870188 0.09571885 0.21849959]
34075 [0.01978949 0.02453426 0.02455389 0.02499341 0.72451884]
39085 [0.02513309 0.03253112 0.0659523  0.180743   0.44794902]
28063 [0.05466895 0.0700186  0.09110973 0.09910649 0.30515802]
50107 [0.0325234  0.03323808 0.03421596 0.03573691 0.05268905]
49606 [0.02581455 0.04398915 0.05075065 0.23811989 0.5177297 ]
13033 [0.05699688 0.06428459 0.09278253 0.18289794 0.34465957]
50107 [0.07157721 0.07334942 0.11640896 0.19908305 0.34155032]
37081 [0.04717726 0.04823183 0.0596431  0.10723061 0.5831209 ]
49606 [0.04363149 0.08825215 0.08930718 0.14492156 0.32910925]
33574 [0.04988876 0.06036123 0.06982168 0.09884106 0.10677741]
43594 [0.02914031 0.03799149 0.04187066 0.06416388 0.60740656]
30568 [0.03185964 0.03833462 0.11981574 0.1691627  0.25312558]
43093 [0.02777339 0.04776247 0.07698601 0.20091136 0.4331639 ]
48103 [0.04606954 0.05728216 0.06886274 0.14139813 0.15735562]
49606 [0.02497645 0.02727238 0.11775002 0.16743124 0.42206046]
50107 [0.03558593 0.06456482 0.07659602 0.25411448 0.3603393 ]
45598 [0.05177237 0.05659067 0.0828352  0.08865055 0.10108534]
49105 [0.07904157 0.10252921 0.1119715  0.1626     0.16702539]
30568 [0.01552507 0.02215882 0.05983413 0.14888532 0.5943288 ]
26560 [0.00311268 0.00425508 0.00439722 0.05881847 0.8838389 ]
44596 [0.04518783 0.06418609 0.11598793 0.14662515 0.18845724]
39586 [0.00846564 0.00961316 0.01606815 0.02805131 0.8588701 ]
49606 [0.05753481 0.05925409 0.07501335 0.08220937 0.13191381]
44095 [0.05414993 0.05545902 0.06305384 0.10652199 0.38624567]
34075 [0.04914957 0.05975455 0.06627619 0.07964399 0.19272219]
29566 [0.01402087 0.02045741 0.03412066 0.04703804 0.6820092 ]
47101 [0.05869567 0.07358079 0.08755752 0.12180854 0.40365866]
43093 [0.05531911 0.07128821 0.1332783  0.16822074 0.38121948]
32572 [0.00277654 0.00654514 0.00936837 0.36549652 0.58418936]
45598 [0.06396732 0.06588266 0.09165142 0.20537491 0.2977378 ]
32572 [0.04189708 0.10533295 0.12081195 0.15465498 0.384659  ]
49606 [0.06041273 0.06692719 0.09248064 0.11697128 0.21782908]
46099 [0.05709245 0.07286187 0.11852766 0.12543085 0.20927593]
50107 [0.11300082 0.1179661  0.15645522 0.16018406 0.26429918]
39586 [0.04990441 0.06396142 0.13237831 0.22988035 0.36658344]
45598 [0.07767596 0.08764097 0.08854156 0.13679715 0.21051222]
43093 [0.02164754 0.02463009 0.02674943 0.3074019  0.44359097]
39586 [0.03223707 0.03318735 0.03386232 0.10754548 0.47407869]
45097 [0.01286488 0.02506192 0.02697839 0.21795821 0.5330826 ]
31570 [0.04073337 0.04282358 0.12139036 0.12815496 0.46381935]
41089 [0.03090551 0.03186512 0.03354786 0.05797425 0.4437727 ]
39586 [0.06959052 0.09128129 0.11811145 0.16153224 0.18391769]
35578 [0.06634349 0.09665751 0.10872701 0.13410906 0.360461  ]
41089 [0.01375836 0.02231342 0.09523057 0.28015885 0.41364777]
35077 [0.04423489 0.04960523 0.05190935 0.12156129 0.15200974]
31570 [0.04391218 0.05076214 0.10306687 0.10840023 0.157949  ]
44095 [0.05501834 0.06040116 0.12135745 0.20485233 0.27073693]
48604 [0.02794662 0.04990126 0.08134323 0.17832537 0.3490226 ]
49105 [0.04542602 0.07817709 0.1059045  0.17008907 0.3468434 ]
15538 [0.04848297 0.05449657 0.07078261 0.10287952 0.14560823]
45598 [0.04210139 0.07331719 0.09236624 0.32733124 0.33565435]
48103 [0.03802533 0.05507227 0.11520477 0.11766636 0.24659635]
49606 [0.03246074 0.03363513 0.12862027 0.17148134 0.35300836]
27061 [3.9908418e-04 3.9993803e-04 5.7153555e-04 1.6178802e-03 9.9365270e-01]
48604 [0.0518565  0.07368045 0.08135089 0.08457896 0.11959678]
48103 [0.06779133 0.0813247  0.08426314 0.11330381 0.17885129]
41590 [0.06269392 0.06595823 0.07896502 0.12455658 0.1454615 ]
46099 [0.03862559 0.05069714 0.0605571  0.12358481 0.14464934]
49105 [4.5029796e-04 6.9119170e-04 1.3583458e-03 4.2755730e-03 9.8764449e-01]
43594 [0.04179734 0.04648227 0.06086229 0.08251293 0.3959839 ]
50107 [0.01096396 0.01752794 0.04678879 0.28529948 0.61879444]
47602 [0.05122479 0.13398482 0.15670986 0.1852706  0.1907631 ]
24556 [0.04387756 0.05285202 0.09168586 0.11910045 0.16282068]
40588 [0.02909351 0.0334658  0.04178049 0.06023453 0.5979523 ]
10027 [0.03037946 0.03695374 0.03811609 0.05601051 0.09602771]
45097 [0.04917259 0.05548679 0.08204781 0.084993   0.10204794]
46099 [0.04572607 0.04585658 0.06694078 0.06770564 0.30719152]
39085 [0.03881095 0.04330214 0.05875814 0.08858654 0.09257381]
28063 [0.06409382 0.08896314 0.10405091 0.20049761 0.25796506]
22552 [0.0403236  0.04546974 0.04591084 0.2020652  0.23113507]
33574 [0.01289408 0.01787147 0.01963852 0.2678387  0.49146888]
36079 [0.04525534 0.05613787 0.06114438 0.06210395 0.21696532]
50107 [0.04495747 0.06209802 0.08242082 0.11979323 0.2162417 ]
42592 [0.0371745  0.06498973 0.06571625 0.09994075 0.18264109]
43594 [0.03099587 0.03265734 0.03822037 0.31468034 0.37374133]
49606 [0.03382964 0.03610595 0.074524   0.08525213 0.39654642]
49606 [0.02441814 0.05954249 0.07980898 0.26602033 0.34661987]
37081 [0.01619355 0.01711216 0.02227935 0.07440823 0.616958  ]
21550 [0.04423811 0.05481062 0.10258729 0.23280999 0.34577543]
38083 [0.0664363  0.07057977 0.07744327 0.10657534 0.19782813]
30568 [0.04411095 0.04792643 0.07442535 0.21780358 0.3884121 ]
45598 [0.00496972 0.00525864 0.00951929 0.01183553 0.91932905]
31570 [0.02703826 0.06674919 0.19348128 0.22114892 0.35524806]
47101 [0.0050699  0.00567475 0.0180157  0.02367908 0.919279  ]
39085 [0.03614049 0.07676171 0.09440582 0.28884104 0.320033  ]
32572 [0.03339043 0.03739779 0.04575436 0.16994318 0.24801241]
36079 [0.0525715  0.06307594 0.07097325 0.08019523 0.14403954]
46099 [0.02150478 0.02370757 0.03912538 0.19153397 0.51078844]
42091 [0.06297971 0.09724162 0.1493773  0.15959272 0.19452675]
20047 [0.02507615 0.03299802 0.06912933 0.08479133 0.45767605]
37582 [0.04761848 0.05611866 0.09377591 0.10462776 0.12836963]
43594 [0.00228614 0.00426435 0.00918114 0.01979343 0.9418496 ]
34576 [0.01544013 0.01867744 0.05893302 0.15653904 0.64412117]
46600 [0.02469856 0.0277512  0.03064051 0.03856527 0.7920218 ]
41590 [0.05116294 0.09497118 0.11031705 0.11804057 0.24827184]
45598 [0.00174601 0.00391548 0.00422902 0.00476436 0.9667526 ]
38584 [0.04375826 0.05589917 0.06474543 0.09198378 0.09566528]
41590 [0.06481261 0.07116005 0.08849021 0.09266216 0.38107783]
38083 [0.01497204 0.01620819 0.02687437 0.06453648 0.82606536]
49105 [0.07170029 0.07646269 0.10270495 0.11451413 0.18984586]
48103 [0.06902179 0.07107112 0.11098129 0.20328116 0.2081995 ]
48604 [0.04054604 0.0719716  0.11511222 0.12661271 0.38750616]
25558 [0.01712757 0.01926329 0.03083938 0.13352546 0.60597503]
28564 [0.04646554 0.06202473 0.07220248 0.14075887 0.2899945 ]
39085 [0.03116357 0.0523587  0.07088045 0.10520363 0.43748605]
30568 [0.05555385 0.06229288 0.07737753 0.14300613 0.22947991]
45097 [0.04999292 0.07649495 0.09896284 0.11118619 0.14874144]
35578 [0.04275102 0.05678041 0.07527176 0.173052   0.2134691 ]
46099 [0.04670734 0.04718264 0.05572455 0.07726593 0.15977658]
26560 [0.06830907 0.07204555 0.08506951 0.20264086 0.2679233 ]
48103 [0.02554977 0.02954133 0.06927086 0.13146359 0.17370382]
33073 [0.03594333 0.04192794 0.12241594 0.22442034 0.39484933]
46099 [0.03490705 0.05007463 0.08351691 0.14567094 0.58723533]
47101 [0.03599605 0.05596859 0.07058255 0.12832248 0.31837115]
48604 [0.03326255 0.05254645 0.11680821 0.14093469 0.26672086]
28063 [0.03167436 0.03337552 0.07108662 0.10077242 0.494431  ]
41590 [0.07986116 0.0920048  0.09264287 0.1013289  0.22779551]
49105 [0.04785765 0.05892175 0.06081038 0.0994802  0.29858992]
50107 [0.05451474 0.05675316 0.06339496 0.13638508 0.32327282]
32071 [0.00332152 0.00426649 0.00516741 0.00667997 0.9594587 ]
37081 [0.00621275 0.00912237 0.01721344 0.4225695  0.49959186]
50107 [0.03328736 0.03529498 0.03729532 0.08364433 0.17951417]
46600 [0.03289415 0.03433946 0.04372037 0.05926964 0.5808085 ]
49606 [0.08628129 0.09391594 0.10504814 0.16359077 0.37614453]
26059 [0.03421864 0.03829216 0.11210535 0.21032266 0.4048041 ]
40087 [0.06165107 0.06713684 0.12577513 0.14106111 0.32050583]
40087 [0.09225392 0.10190205 0.10419788 0.1990383  0.23216623]
43594 [0.04964164 0.08504913 0.09251907 0.12605064 0.17281178]
50107 [0.0529347  0.0537665  0.06829743 0.09700016 0.1764335 ]
42592 [0.04741121 0.05948034 0.05957017 0.10836297 0.18988101]
49105 [0.01740662 0.01901569 0.02310367 0.03444923 0.77021027]
50107 [0.00103998 0.00148894 0.00222397 0.00331207 0.9878622 ]
48103 [0.0422067  0.05109067 0.06049963 0.09090943 0.18431322]
50107 [0.039035   0.04028998 0.08634687 0.10827196 0.47717872]
45598 [0.01171394 0.0124229  0.10935691 0.35985282 0.38177687]
17542 [0.07831877 0.09584182 0.09590784 0.10892653 0.28585073]
35077 [0.01041218 0.02784564 0.11167827 0.20020375 0.5788615 ]
46099 [0.00888146 0.01157968 0.06195415 0.21154954 0.63139683]
42592 [0.03362111 0.03619928 0.03923807 0.20645495 0.32942203]
40087 [0.05675491 0.05713366 0.06056129 0.08394457 0.17985521]
47101 [0.03188472 0.04322284 0.10417951 0.15551224 0.5562239 ]
48103 [0.03053798 0.04443839 0.13235602 0.18641034 0.28894165]
39085 [0.03345383 0.03948917 0.11466159 0.11905058 0.13214375]
49606 [0.10256056 0.11830761 0.14478442 0.15315591 0.26767424]
50107 [0.00777438 0.01192426 0.23589052 0.2924522  0.37515703]
48103 [0.01061372 0.01076881 0.01323637 0.02181493 0.90804255]
33073 [0.02058933 0.02090086 0.06946553 0.07125176 0.7221203 ]
46099 [0.0560203  0.05710554 0.1237671  0.18280604 0.24617548]
43093 [0.04267996 0.07088044 0.0781732  0.10147434 0.12233402]
33073 [0.0655643  0.07243871 0.08603804 0.09811282 0.22382599]
48103 [0.02647445 0.04115681 0.0610762  0.08527157 0.38346946]
45598 [0.05201222 0.05390394 0.07103333 0.0718736  0.22373585]
40588 [0.01145543 0.01601554 0.01823199 0.03311741 0.6694893 ]
49105 [0.06164972 0.11005165 0.12538688 0.2000175  0.25098202]
41590 [0.0214     0.03879062 0.06905166 0.14759481 0.4655436 ]
49606 [3.9832070e-04 6.2545406e-04 6.4905203e-04 7.9334219e-04 9.9484974e-01]
37582 [0.04061133 0.04380508 0.09272148 0.11811784 0.22443512]
45598 [0.03346612 0.04101251 0.04595133 0.23857646 0.24538584]
41089 [0.0563598  0.07079081 0.09196533 0.1055131  0.34804237]
32071 [0.04003453 0.04745394 0.0620116  0.11596833 0.47402945]
50107 [0.03658934 0.03848624 0.04357482 0.06885396 0.5180057 ]
50107 [0.05623018 0.05769351 0.05993159 0.06714473 0.5243282 ]
49606 [0.06062729 0.09078626 0.10027477 0.1145177  0.17101128]
50107 [0.02947014 0.02948412 0.09044398 0.18035404 0.449713  ]
33574 [0.0118634  0.01245476 0.02070658 0.02753136 0.64122593]
42592 [0.02179112 0.02653467 0.03585503 0.03686367 0.6440692 ]
24556 [0.07362096 0.07955315 0.10356271 0.11781392 0.15477091]
41089 [0.01374563 0.02021201 0.03482604 0.36682472 0.46327013]
36079 [0.02818339 0.06383681 0.08862314 0.12821212 0.36328483]
49606 [0.04136748 0.0471705  0.05857066 0.16496344 0.2481863 ]
49606 [0.02828078 0.03065333 0.04287729 0.24349669 0.3473072 ]
16039 [2.5866195e-04 4.0334239e-04 4.5686137e-04 1.3961558e-03 9.9316567e-01]
44095 [0.05217456 0.085173   0.11438523 0.23272847 0.3015662 ]
21049 [0.00536363 0.00732265 0.00871825 0.02805207 0.88339233]
50107 [0.04048064 0.06478684 0.09193878 0.17721815 0.18684241]
47101 [0.05198424 0.05540537 0.05936657 0.1170026  0.23160417]
50107 [0.01619823 0.02480933 0.02764729 0.05723115 0.800828  ]
48604 [0.03834435 0.04786193 0.05145909 0.06124238 0.61091673]
49606 [0.09444365 0.12204317 0.14198671 0.16073267 0.23816404]
29566 [0.04455798 0.05571447 0.08190941 0.14207162 0.2508401 ]
16039 [0.03899063 0.07005271 0.0766292  0.09233602 0.1114286 ]
50107 [0.06464392 0.11776974 0.1358296  0.14701857 0.32281578]
46099 [0.07128208 0.07879432 0.08060458 0.10934523 0.38073042]
46600 [0.05281522 0.09546671 0.18820402 0.22565494 0.24025197]
29566 [0.03146446 0.04255786 0.08490497 0.09962482 0.3160453 ]
14035 [0.00219358 0.00220805 0.00459037 0.00529433 0.9628057 ]
37582 [0.01575912 0.01665598 0.0249976  0.08248577 0.5328392 ]
29566 [0.01600021 0.01662575 0.02775776 0.21079093 0.5756088 ]
33574 [0.00971617 0.01316862 0.01727656 0.02759331 0.8360705 ]
43093 [0.05430673 0.0954683  0.11168923 0.14697565 0.1713703 ]
17542 [0.04189134 0.0430023  0.04408007 0.13145158 0.18306094]
47602 [0.08025494 0.09815239 0.11890549 0.14472821 0.19340251]
32071 [0.04279443 0.06434739 0.07349754 0.17403995 0.25489625]
49105 [0.02919839 0.03923823 0.04047783 0.11294609 0.48822287]
42592 [0.05832652 0.06329165 0.07518414 0.0764829  0.15762751]
38083 [0.0362649  0.04579192 0.06472308 0.12736943 0.13283938]
50107 [0.04386627 0.04412102 0.05645866 0.10062619 0.44246906]
48604 [0.03373161 0.03726503 0.07134013 0.17293404 0.25639215]
50107 [0.04523781 0.05243566 0.05626108 0.07574449 0.22584443]
50176 [None]
41089 [0.04334922 0.08188787 0.09849521 0.10237468 0.26677153]
49606 [0.02289435 0.04902569 0.05401092 0.12608317 0.5572215 ]
19045 [0.01095911 0.01134929 0.01455713 0.12253571 0.74959135]
47101 [0.03601248 0.08471213 0.21296813 0.24962312 0.29128844]
32572 [0.10424169 0.10644478 0.123055   0.14007989 0.2041329 ]
47602 [0.03196722 0.04370371 0.05330291 0.08729817 0.3740507 ]
46600 [0.06126467 0.07191896 0.0930569  0.11135679 0.20281851]
42592 [0.01367824 0.04452597 0.15824383 0.23826069 0.4355611 ]
50107 [0.00842884 0.01008345 0.08083328 0.36628625 0.38029706]
36580 [0.01383497 0.08416992 0.08422107 0.11623604 0.57548726]
39586 [0.04265509 0.04342708 0.06161106 0.07332499 0.4339531 ]
41089 [0.03384552 0.05154733 0.07783452 0.2999931  0.32067832]
45598 [0.00958525 0.01014516 0.01407362 0.02256394 0.88813627]
32572 [0.03831853 0.05819096 0.08748161 0.15362561 0.3522856 ]
30568 [0.01595333 0.01646067 0.01885187 0.0476253  0.77515924]
47101 [0.03702777 0.04733787 0.13285062 0.2280802  0.40191513]
47101 [0.01511174 0.05930309 0.06787187 0.11820425 0.65592885]
33073 [0.02267424 0.0228036  0.02527859 0.08484397 0.5838071 ]
33574 [0.03918635 0.06145559 0.06306381 0.10660968 0.40872774]
30568 [0.00482848 0.00664939 0.15883298 0.1760515  0.61045104]
34576 [0.06225992 0.06988558 0.07833101 0.17069006 0.20973724]
48604 [0.02191353 0.02581864 0.02923131 0.09381802 0.48052353]
42592 [0.04600772 0.04971131 0.14020441 0.15424442 0.24646379]
47101 [0.03397055 0.05649754 0.09577855 0.11378389 0.3120756 ]
35077 [0.01025607 0.02611648 0.03654192 0.05973209 0.7905421 ]
22552 [0.04943566 0.05065556 0.08119446 0.11176404 0.423322  ]
49606 [0.04977931 0.05368601 0.09827086 0.10177782 0.20918776]
19546 [0.04358783 0.05077013 0.07010267 0.22330871 0.3028859 ]
41590 [0.05501121 0.06326787 0.06348752 0.07301636 0.08391701]
38584 [0.04138741 0.06397004 0.0749932  0.11502874 0.15939575]
48103 [0.06077169 0.06539167 0.08368915 0.10481447 0.35528377]
40087 [0.06952704 0.0696661  0.08669308 0.0881471  0.30078292]
45598 [0.03172148 0.03813722 0.06246644 0.13806637 0.38031292]
29566 [0.0557416  0.05972022 0.06073685 0.06864735 0.23663907]
45097 [0.03827674 0.05397221 0.08362904 0.10016916 0.19003166]
26059 [0.05763832 0.06342732 0.07787782 0.13737026 0.16572261]
41089 [0.01991105 0.02095341 0.02645767 0.11384736 0.6855563 ]
31069 [0.0438303  0.0717667  0.11853665 0.13759924 0.30724496]
36580 [0.00597248 0.00753461 0.00965987 0.01232795 0.88368076]
34576 [0.02967698 0.07704064 0.16745257 0.19066304 0.24116921]
18544 [0.06615034 0.07623689 0.07642995 0.16803856 0.21311216]
50107 [0.02621104 0.02751825 0.20817351 0.235889   0.29682693]
42592 [0.06305242 0.06720972 0.09053022 0.10529182 0.11019377]
36580 [0.00345518 0.00408459 0.00875442 0.01668296 0.9170873 ]
40588 [0.03940366 0.05919778 0.09802311 0.15435031 0.198488  ]
45598 [0.04537364 0.06645608 0.1746187  0.17817485 0.20551834]
40087 [0.03760342 0.05343708 0.11372265 0.13995758 0.14802767]
50107 [0.02997503 0.03982321 0.04607394 0.2768038  0.30847788]
42091 [0.03581385 0.07503071 0.11277179 0.18769014 0.27892926]
50107 [0.01284834 0.01499719 0.09031767 0.16984427 0.59457445]
45598 [0.02837885 0.03006413 0.0323628  0.11437307 0.57302874]
47602 [0.05817886 0.08299316 0.11520645 0.16364662 0.34672517]
50107 [0.07264357 0.08947241 0.09174333 0.11222269 0.30188823]
32572 [0.03891774 0.04200701 0.11497059 0.17813568 0.24505104]
40588 [0.00485404 0.00746517 0.02349761 0.24635375 0.69313896]
42091 [0.04429268 0.0472234  0.07916212 0.19358455 0.23448744]
46099 [0.03862846 0.04401834 0.06121001 0.09864658 0.3756597 ]
38584 [0.0133644  0.01750609 0.02555952 0.03133945 0.82567716]
45598 [0.00464998 0.00933888 0.00986462 0.30878282 0.60419565]
49105 [0.05040042 0.05572714 0.11162823 0.11752079 0.18200865]
42592 [0.00542744 0.00652546 0.00705296 0.02107248 0.9257988 ]
50107 [0.09106977 0.10452419 0.1159906  0.12778535 0.14653514]
19045 [0.01659131 0.03050613 0.03446153 0.2725293  0.48348612]
28063 [0.00551637 0.00914047 0.01107403 0.1530869  0.7917411 ]
49606 [0.10028041 0.12570068 0.13024303 0.13249432 0.15142441]
47101 [0.05460039 0.05938721 0.09402144 0.14542188 0.2720855 ]
47602 [0.06418756 0.07907728 0.08458927 0.1503838  0.28078866]
47101 [0.031651   0.03921741 0.06686483 0.07428514 0.09976678]
44095 [0.04240351 0.04484272 0.04542977 0.05793961 0.5299881 ]
37081 [0.08714992 0.09870303 0.16767535 0.1703001  0.2032127 ]
45097 [0.04466905 0.05399402 0.07053769 0.09304672 0.33392572]
44095 [0.01548279 0.10314425 0.13070564 0.15707698 0.4191245 ]
47602 [0.05153437 0.05567517 0.05840149 0.0838754  0.1004221 ]
45097 [0.06187887 0.07373408 0.16359572 0.17889953 0.20414218]
34075 [0.05433296 0.0583454  0.05838585 0.06228774 0.08635491]
45598 [0.00344288 0.00624446 0.07145392 0.08971214 0.8097273 ]
49606 [0.03838509 0.05338999 0.14790031 0.15318802 0.36956096]
41089 [0.00287402 0.002931   0.00406216 0.00573504 0.94907606]
35578 [0.00452005 0.03476803 0.05160467 0.06202206 0.8184597 ]
49105 [0.00210661 0.00244952 0.00528889 0.0054946  0.97342956]
35578 [0.04140089 0.04349817 0.06120399 0.07304574 0.66998804]
28564 [0.02253895 0.04990715 0.06053902 0.26542836 0.44664416]
44596 [0.03467467 0.05023884 0.11860631 0.13488404 0.41978705]
39085 [0.04841167 0.06100835 0.10359378 0.11305522 0.17438993]
31069 [0.02718594 0.0281091  0.15472579 0.20707522 0.22349444]
44095 [0.0166949  0.01960609 0.02527185 0.03568673 0.74450815]
31570 [0.00729115 0.01634803 0.02390125 0.04642597 0.85304844]
46600 [0.03553751 0.04985679 0.1621455  0.23205413 0.33442193]
33574 [0.006844   0.00794837 0.02174274 0.14626095 0.78180075]
48604 [0.07254463 0.07965023 0.09707933 0.20730431 0.2227638 ]
45598 [0.05718958 0.06045184 0.06398836 0.13628191 0.13886067]
45097 [0.05950116 0.07698568 0.0792518  0.09174539 0.43635076]
50107 [0.02506563 0.02848234 0.0599616  0.1399085  0.44573638]
50107 [0.05814833 0.06686516 0.08413743 0.09480833 0.3866046 ]
48604 [0.03276213 0.0979517  0.10914899 0.14835232 0.25178725]
31570 [0.00728638 0.0084057  0.01161737 0.25623637 0.6246573 ]
45097 [0.03508161 0.04401345 0.11032411 0.21562663 0.24036843]
33574 [0.00478199 0.0048217  0.00496397 0.1505551  0.80275345]
43093 [0.02728052 0.04230377 0.05282674 0.20707731 0.517814  ]
48604 [0.06002328 0.07555427 0.07643037 0.11220703 0.26828063]
42091 [0.05010284 0.0547494  0.07609442 0.08845451 0.14709845]
44095 [0.04186013 0.04479003 0.05507939 0.07604355 0.26721424]
45097 [0.02898497 0.03123803 0.14348404 0.21257299 0.25615633]
37081 [0.03661643 0.06238187 0.15155593 0.20326257 0.30585754]
40588 [0.05641348 0.07850663 0.10076319 0.12504748 0.13800779]
47101 [0.04946084 0.05298952 0.08699726 0.10561804 0.12369215]
40588 [0.05256272 0.05667905 0.0606428  0.07958706 0.2055254 ]
48604 [0.04566252 0.05156203 0.10291611 0.1693145  0.2155525 ]
46600 [0.05061496 0.0538201  0.12212037 0.13258582 0.23832288]
40588 [0.03998901 0.04531694 0.06729774 0.14390737 0.45502487]
45097 [6.9897197e-04 1.3161524e-03 1.3782536e-03 1.4308121e-03 9.8585761e-01]
49105 [0.08347593 0.10807554 0.11548419 0.11964766 0.13841765]
47602 [0.02263379 0.02380581 0.03843395 0.05040603 0.65251005]
45598 [0.02376912 0.02615806 0.0298029  0.11682024 0.4869957 ]
49606 [0.04311779 0.06439099 0.09857108 0.10775331 0.44062135]
45598 [0.06695761 0.06700718 0.068691   0.07936843 0.1387206 ]
45598 [0.03223528 0.03466877 0.03671527 0.04442658 0.37293485]
41089 [0.04161454 0.04795879 0.05461919 0.06159258 0.44611353]
23554 [0.03259896 0.04972066 0.05487252 0.13213639 0.2869268 ]
32572 [0.0613555  0.06162342 0.08958574 0.09356399 0.10124112]
50107 [0.0505689  0.05480906 0.07032376 0.07514758 0.16057864]
45598 [0.02356452 0.02565419 0.09642205 0.1629774  0.42776275]
48103 [0.08058616 0.09422977 0.1249534  0.12631759 0.18945001]
42091 [0.03150701 0.03871161 0.04162734 0.04756854 0.27554578]
50107 [0.02500653 0.05075046 0.08220576 0.0849463  0.6728376 ]
48604 [0.04084436 0.04230539 0.08596285 0.14086299 0.40583462]
50176 [None]
48103 [0.03489236 0.03984331 0.06892557 0.07360084 0.39727682]
50107 [4.1654424e-04 3.0095705e-03 2.6638577e-02 5.6326412e-02 9.1144687e-01]
36580 [0.02166911 0.02203205 0.02694377 0.05070964 0.5082904 ]
38083 [0.05039035 0.05577018 0.07292514 0.0757289  0.34891915]
49606 [0.06692387 0.08462059 0.09140912 0.21600239 0.22001012]
36079 [0.02849128 0.04580261 0.15730982 0.18227838 0.35266876]
44095 [0.01892004 0.10163707 0.10503962 0.13839576 0.47875094]
49606 [0.03329812 0.03599949 0.08689063 0.19229273 0.36464417]
43594 [0.06136424 0.06791534 0.09892712 0.10495236 0.32480446]
48103 [0.04292238 0.05079035 0.05128179 0.21166988 0.27178848]
48103 [0.05120834 0.05181191 0.07741164 0.1234211  0.15273589]
29566 [0.0332581  0.03900358 0.14385521 0.19051887 0.40913764]
41590 [0.04273504 0.07971361 0.100465   0.10627605 0.26240987]
40087 [0.05210485 0.05533485 0.0827912  0.10344736 0.15677154]
49606 [0.04029968 0.04804039 0.07954388 0.10807748 0.4203315 ]
48103 [0.0155121  0.01856254 0.02197792 0.05407923 0.72417957]
48103 [0.0178951  0.01905261 0.02205331 0.09824039 0.7539406 ]
26059 [0.04036591 0.04816597 0.07574211 0.15965132 0.2550141 ]
27061 [0.0535304  0.06013075 0.06230456 0.06237552 0.06655705]
49105 [0.05489255 0.06681672 0.08115693 0.11199464 0.15624428]
35578 [0.02265167 0.02588844 0.03218687 0.382185   0.40605664]
49105 [0.01866455 0.0186664  0.02625958 0.3562304  0.4422414 ]
38584 [0.01987582 0.02293127 0.0538356  0.13044885 0.49056298]
46600 [0.02968927 0.03677468 0.05084995 0.05249245 0.21830294]
47602 [0.05293156 0.06843957 0.0802452  0.22144178 0.3369539 ]
41590 [0.04050328 0.1176576  0.11987559 0.19906966 0.30489376]
32071 [0.03766143 0.03961232 0.04373408 0.05100705 0.47655863]
46099 [0.04166402 0.07219172 0.12377413 0.13047059 0.50740033]
41089 [0.03880422 0.05016957 0.06280749 0.06455892 0.10275732]
50107 [0.03379436 0.04016258 0.12458607 0.17470305 0.38923737]
39085 [0.01006653 0.01413229 0.02046844 0.38202557 0.48367685]
38584 [0.06001238 0.06036401 0.1051217  0.12899621 0.26023704]
50107 [0.02703944 0.03312546 0.11160094 0.15543866 0.47742742]
38584 [0.02795528 0.03194452 0.03615423 0.0812888  0.5444074 ]
37582 [0.00801088 0.01203836 0.02759117 0.28538972 0.63235736]
34075 [0.0167795  0.01732008 0.02267202 0.03656834 0.76338965]
49105 [0.03685876 0.04459666 0.06357969 0.12150048 0.12679242]
31570 [0.01556385 0.01617005 0.033243   0.06521048 0.6103598 ]
38083 [0.02083339 0.02146131 0.02657242 0.26934725 0.6020784 ]
17542 [0.0105259  0.0593985  0.07687207 0.1716214  0.4950879 ]
41089 [0.03184718 0.03243291 0.0782995  0.08326947 0.5365716 ]
11029 [0.03301486 0.03493932 0.04089222 0.15307905 0.38448483]
40588 [0.01001045 0.02049072 0.02984878 0.22404587 0.64991707]
37081 [0.0538864  0.0782635  0.09116988 0.10798416 0.12521963]
45598 [0.03633414 0.04214926 0.08390676 0.09479421 0.21762429]
5017 [0.01736348 0.02318824 0.13635185 0.14952616 0.3538822 ]
49105 [0.03678556 0.0391821  0.0419311  0.04737911 0.17649949]
39586 [0.09772868 0.09925387 0.10014743 0.10156208 0.26769477]
48604 [0.07483821 0.09288336 0.09486447 0.15331967 0.15495543]
25057 [0.06699232 0.11684192 0.14184073 0.15110782 0.26226503]
41590 [0.0407325  0.05383356 0.07358091 0.19793788 0.2423988 ]
29065 [0.00306837 0.00316365 0.0068452  0.00925511 0.9467006 ]
48604 [0.03111017 0.03169358 0.0954563  0.1393114  0.28876236]
39586 [0.02261327 0.05776753 0.05967623 0.12024949 0.28293595]
34075 [0.05182275 0.06075024 0.08034353 0.08205675 0.19084635]
29065 [0.02910749 0.03197762 0.14152339 0.15389611 0.38344306]
46099 [0.06048594 0.06576949 0.09117606 0.14709604 0.25044414]
36079 [0.03482347 0.06437973 0.06670238 0.10338401 0.16884913]
48604 [0.03332456 0.03405758 0.12486032 0.14130026 0.3214003 ]
49606 [0.04760227 0.05555872 0.09006228 0.11567369 0.24204579]
49606 [0.05340328 0.12179831 0.19761126 0.21674372 0.24636595]
34075 [0.05171505 0.09438191 0.112497   0.11700559 0.20664862]
50107 [0.04975716 0.06657272 0.06754342 0.1437295  0.14591426]
43093 [0.04837625 0.05635996 0.06187823 0.07747441 0.21002185]
37582 [0.06346452 0.06531844 0.10818755 0.15596995 0.2063208 ]
10027 [0.01847021 0.0214574  0.0391841  0.15910645 0.5002147 ]
47602 [0.04051728 0.07304972 0.10129084 0.12882237 0.4201473 ]
48103 [0.04317972 0.04942211 0.0600495  0.0714113  0.1263609 ]
39586 [0.0389694  0.04175499 0.05196161 0.16079733 0.18083327]
49606 [0.05977109 0.08539816 0.08748997 0.09293916 0.16509113]
47602 [0.07575004 0.08830144 0.09753007 0.09787659 0.18957216]
32071 [0.04443176 0.0548027  0.06599052 0.08159228 0.12921727]
46600 [0.07379299 0.08120451 0.09737629 0.20696843 0.22792053]
43594 [0.0870187  0.0895453  0.09768606 0.14150389 0.15458132]
50107 [0.02509177 0.03229999 0.07735637 0.13135177 0.69662905]
32071 [0.03442494 0.0371239  0.11773301 0.15660419 0.5084143 ]
47602 [0.0194473  0.02314357 0.04501751 0.04808152 0.7883105 ]
41089 [0.00201368 0.0024479  0.00675614 0.00919189 0.94042194]
50107 [0.0030715  0.01964012 0.04262182 0.3365651  0.56960344]
46600 [0.03887808 0.05299034 0.0828908  0.09361833 0.19101545]
45598 [0.02580229 0.04713926 0.05558581 0.12085421 0.6753099 ]
48103 [0.05279496 0.08189787 0.08618075 0.09008585 0.46482942]
46099 [0.04463996 0.06463039 0.06752934 0.08644593 0.13049561]
7021 [0.04167344 0.04188557 0.07729162 0.18073241 0.18399368]
5518 [0.01804764 0.02168199 0.02400965 0.1014946  0.118942  ]
50107 [0.02065302 0.02065464 0.04206235 0.04490556 0.7137474 ]
34075 [0.08913291 0.12190591 0.12421028 0.12532388 0.19613329]
39586 [0.07817413 0.07832001 0.08475838 0.17300408 0.30363393]
47602 [0.03744455 0.05260318 0.06541588 0.08508292 0.17490712]
31069 [0.05708115 0.06618474 0.07337359 0.10700977 0.2135784 ]
45598 [0.04964781 0.04967916 0.07953333 0.10920879 0.11240573]
41089 [0.0401072  0.04949537 0.08287543 0.09965988 0.10942709]
38083 [0.02982836 0.03602673 0.09511906 0.15870202 0.4539409 ]
34576 [0.00994713 0.01186046 0.02718474 0.05519589 0.7663779 ]
32071 [0.05886384 0.06271622 0.07262855 0.07307539 0.1804205 ]
36580 [0.01491497 0.0158868  0.01790086 0.0611749  0.78978914]
42091 [0.01995165 0.02179219 0.0487209  0.05213814 0.5638604 ]
50107 [0.0602499  0.10897858 0.11117347 0.11729924 0.12657516]
46600 [0.00855123 0.0098601  0.02196413 0.02846075 0.7914829 ]
5518 [0.06924077 0.1029865  0.12473091 0.18275948 0.19509771]
38584 [0.03535309 0.04625741 0.04764857 0.11452524 0.35806122]
50107 [0.05791018 0.09492293 0.11345976 0.11606279 0.4894476 ]
49606 [0.02711501 0.03543689 0.06462342 0.14027666 0.31597334]
31570 [0.00720495 0.0086011  0.01204092 0.09678897 0.7922882 ]
46600 [0.00883281 0.01779102 0.03369725 0.2209032  0.6777919 ]
37081 [0.02787053 0.05400236 0.06814803 0.32204625 0.33615917]
44095 [0.03855884 0.03930511 0.03998031 0.04938289 0.2894102 ]
44596 [0.04583931 0.06669033 0.07054857 0.10978041 0.11670895]
41089 [0.03696076 0.05472575 0.06256931 0.13570715 0.42337388]
36079 [0.04007006 0.04114956 0.04242464 0.06177342 0.17406987]
50176 [None]
17542 [0.05473896 0.05757772 0.12192669 0.16528551 0.35661453]
43594 [0.04598784 0.04834335 0.05579344 0.10477785 0.4375368 ]
50107 [0.06052111 0.06728182 0.11445001 0.2358601  0.38149023]
50107 [0.03295941 0.09328355 0.10241982 0.14794178 0.40758342]
23554 [0.0106038  0.0117563  0.01276807 0.17955187 0.56006646]
43093 [0.0467735  0.05398105 0.05525514 0.16845937 0.35732502]
50107 [0.03116024 0.05056692 0.07278796 0.24727887 0.36141285]
47602 [0.00914241 0.01882795 0.09030274 0.26575392 0.5928321 ]
43093 [0.02804031 0.0445361  0.18932633 0.22028881 0.30814952]
29065 [0.02959969 0.06705402 0.14125113 0.15663311 0.34771627]
37582 [0.04921776 0.04974433 0.17920952 0.19085744 0.24808182]
43093 [0.00929746 0.01079523 0.01153166 0.02909774 0.86128896]
48103 [0.02623863 0.03338032 0.05441961 0.14907867 0.4756194 ]
5017 [0.02317301 0.02613994 0.04382811 0.07030868 0.20145908]
7522 [0.01860433 0.0209984  0.02149417 0.06961211 0.1963245 ]
8524 [0.02144529 0.02163275 0.02796445 0.2870516  0.3186472 ]
39586 [0.03545882 0.05652578 0.14309078 0.15238938 0.5093034 ]
46600 [0.0623388  0.06449301 0.07079767 0.08455629 0.09701048]
46600 [0.02860375 0.05488732 0.08470621 0.26110664 0.3804906 ]
24556 [0.03643721 0.04918064 0.05754703 0.12361345 0.38820714]
12532 [0.02706331 0.02776812 0.03290626 0.05384772 0.42831418]
45598 [0.03079302 0.06219786 0.09078716 0.10129961 0.35881618]
45097 [0.02270053 0.02947435 0.17515841 0.1975414  0.36506394]
43594 [0.01154688 0.01784447 0.04931055 0.08258136 0.7412199 ]
50107 [0.03626791 0.04365076 0.07841372 0.21391831 0.37886536]
24556 [0.05243693 0.05379057 0.12859768 0.17886844 0.213629  ]
49105 [0.03711897 0.04206995 0.07456131 0.07616216 0.33090845]
50107 [0.03940392 0.05820873 0.06435589 0.18871091 0.529167  ]
28063 [0.10976668 0.11366709 0.14183271 0.14301455 0.18957536]
46099 [0.06427493 0.06901588 0.06936514 0.08244168 0.13886617]
47602 [0.04448143 0.04727676 0.07952161 0.10482077 0.15951009]
45598 [0.0354821  0.05332822 0.06470703 0.21330516 0.38418114]
41089 [0.04013776 0.04829931 0.05831584 0.13184243 0.4155911 ]
38083 [0.03272561 0.03649078 0.03709219 0.20555617 0.4224981 ]
38584 [0.02971259 0.02983332 0.0583838  0.06619885 0.6161659 ]
5017 [0.02673881 0.03175247 0.0444599  0.06205808 0.24124065]
50107 [0.00829228 0.01143176 0.01726007 0.20799884 0.74500257]
46600 [0.0148339  0.01529542 0.02008703 0.23886067 0.666309  ]
35578 [0.02034188 0.02187183 0.03031348 0.03821352 0.7427279 ]
50107 [0.0329903  0.04192992 0.04209555 0.0594108  0.73445046]
16039 [0.0150224  0.0312351  0.03252586 0.03622153 0.74062973]
46099 [0.04161232 0.08305278 0.08323713 0.08981106 0.09532151]
45598 [0.0440042  0.04740413 0.05924886 0.17363687 0.19441512]
41590 [0.02317129 0.02517911 0.03490811 0.0646334  0.57464623]
50107 [0.02101743 0.02646978 0.08462182 0.15618266 0.49129754]
30568 [0.02810411 0.03659773 0.0660423  0.13743961 0.47924727]
34075 [0.04533979 0.06656835 0.12410162 0.144776   0.17273517]
45598 [0.04508773 0.05384071 0.07354879 0.08453918 0.5281024 ]
37081 [0.00703907 0.00787223 0.00905234 0.02233795 0.89355236]
20047 [0.03317072 0.05441547 0.11607283 0.22478397 0.4348398 ]
46600 [0.03720785 0.060125   0.09360906 0.15077503 0.38341373]
42592 [0.0253568  0.03736566 0.04137461 0.08143295 0.59525055]
36079 [0.02775299 0.03366002 0.06858136 0.12556869 0.20133083]
5017 [0.044551   0.04923855 0.07909568 0.13447823 0.33117136]
45598 [0.06635653 0.08900563 0.11052785 0.13984093 0.21673638]
49606 [0.03618029 0.09467642 0.11403134 0.14641173 0.28471255]
43594 [0.07324761 0.08555244 0.08902182 0.10067043 0.32419243]
38584 [0.0548145  0.06693173 0.06800488 0.10952225 0.20388483]
49606 [0.03286256 0.04936964 0.0725994  0.07320622 0.4370812 ]
26059 [0.03043527 0.03439527 0.04131299 0.16439067 0.36859548]
39586 [0.04550319 0.06180583 0.06332479 0.06484238 0.1087403 ]
49606 [0.02929458 0.10088755 0.15212485 0.22852351 0.3154593 ]
38584 [0.03240393 0.03864874 0.04002435 0.27577722 0.32224685]
25558 [0.03822903 0.07300248 0.08080203 0.08968351 0.10571826]
49105 [0.06285634 0.06291614 0.08414469 0.0896926  0.1726896 ]
37081 [0.01320989 0.01896627 0.03018917 0.08052503 0.80922616]
42592 [0.03319815 0.03427259 0.03470252 0.2523005  0.3959075 ]
50107 [0.05582289 0.08400244 0.08552578 0.13382584 0.27549642]
6019 [0.02583323 0.0329481  0.05670299 0.19900133 0.50166816]
50107 [0.00662804 0.0098734  0.02075179 0.46200782 0.46431175]
29065 [0.04486917 0.04956817 0.07232776 0.29266074 0.2988602 ]
50107 [0.04346415 0.06009321 0.06926891 0.0932441  0.13495845]
30568 [0.0396028  0.04231415 0.05286596 0.11285172 0.25217956]
43594 [0.0382955  0.05306331 0.05588276 0.06639286 0.14701664]
48604 [0.04684936 0.05734535 0.09908207 0.19857627 0.24002835]
12532 [0.01802648 0.02957859 0.03503899 0.03693482 0.76443374]
25558 [0.02490583 0.032086   0.04493515 0.06524529 0.7205165 ]
46600 [0.06978299 0.10323461 0.10702911 0.15170787 0.29054958]
49105 [0.03739843 0.07300571 0.08956905 0.10857745 0.17113474]
47101 [0.04500157 0.04657114 0.06370537 0.13748345 0.33756107]
27061 [0.03615663 0.03681257 0.04657779 0.06510698 0.2457857 ]
49105 [0.01859024 0.01960174 0.02196426 0.23951264 0.5806533 ]
49606 [0.08043844 0.09196175 0.09571752 0.10122249 0.23315556]
34075 [0.03018145 0.04961582 0.06844982 0.07939522 0.18016486]
36079 [0.01866165 0.02981915 0.03561876 0.13613965 0.43654606]
50107 [0.04142917 0.04928989 0.0842142  0.12937477 0.5452203 ]
37582 [0.05199292 0.0647408  0.07573314 0.1315542  0.27846465]
31069 [0.00302234 0.00389139 0.00969841 0.03009292 0.93206096]
41089 [0.0354145  0.05983585 0.06495016 0.10148288 0.11300576]
38083 [0.02413543 0.02448651 0.02859791 0.05564843 0.6764525 ]
35077 [0.05891595 0.07706596 0.0887204  0.15707563 0.21506847]
36580 [0.02602382 0.05700053 0.10939337 0.12143759 0.46889168]
45598 [0.03508399 0.05638826 0.11390349 0.13725528 0.5044279 ]
50107 [0.06330112 0.09014639 0.09715095 0.10583438 0.14842558]
50107 [0.03776114 0.18241026 0.20225686 0.22514674 0.2871912 ]
40087 [0.01699226 0.01761876 0.02189547 0.02844346 0.8079929 ]
44596 [0.05501158 0.06749249 0.08217912 0.1022101  0.39533427]
38083 [0.02570871 0.05048027 0.1568247  0.24496545 0.33690333]
28564 [0.05900561 0.0981676  0.11242548 0.12574977 0.15346663]
50107 [0.02211533 0.17579445 0.20680332 0.20788199 0.25642374]
42592 [0.04749196 0.05543499 0.06620163 0.09983514 0.2525905 ]
47101 [0.04988417 0.0517589  0.0583245  0.07414248 0.09392817]
38083 [0.02843762 0.03177796 0.05559893 0.07105267 0.58530754]
50107 [0.0158792  0.02995032 0.03810365 0.0970766  0.7823445 ]
39586 [0.00356745 0.0036417  0.00739498 0.02332549 0.92366904]
45598 [0.00471855 0.01142631 0.02173182 0.04446976 0.8431208 ]
38584 [0.05612018 0.07007241 0.11936394 0.1349293  0.23722081]
23554 [5.9674890e-04 6.3981896e-04 1.9125018e-03 3.0414162e-03 9.9137527e-01]
43594 [0.05477598 0.06135192 0.06987618 0.1246494  0.30090582]
37582 [0.00472122 0.00533079 0.02291001 0.1814198  0.72593045]
36580 [0.04013109 0.05579057 0.07739189 0.078234   0.2865414 ]
44596 [0.00724587 0.00725704 0.01131096 0.02863197 0.8926202 ]
38584 [0.06384791 0.08103757 0.09137935 0.108152   0.13419937]
41590 [0.03776972 0.03934852 0.06794596 0.23267752 0.46770218]
37081 [0.05261213 0.06185273 0.07060938 0.08005212 0.09195004]
50107 [0.02780017 0.05563632 0.20227744 0.21522386 0.24656484]
43093 [0.03549496 0.04028602 0.06791361 0.27099127 0.40492845]
43093 [0.04484612 0.04875415 0.05842876 0.06531653 0.27779   ]
49606 [0.05830751 0.07051308 0.07468969 0.11881503 0.21047787]
39586 [0.04580824 0.05179647 0.07025059 0.13552266 0.22601236]
7522 [0.01835708 0.02699628 0.03620346 0.04122308 0.17859897]
31570 [0.04063808 0.04202525 0.07642353 0.1415808  0.23863402]
49105 [0.03062495 0.03711287 0.04730354 0.05256896 0.2967007 ]
36079 [0.00824112 0.01366078 0.02186831 0.03117845 0.8480909 ]
49606 [0.06260986 0.07332466 0.13450004 0.23181947 0.2510394 ]
38584 [0.02446721 0.03956492 0.05462715 0.18718891 0.44625217]
39085 [0.04883095 0.05475489 0.08761915 0.13772771 0.16095553]
8524 [0.02184569 0.02955686 0.03142803 0.06860308 0.07064755]
36580 [0.04332798 0.04749528 0.0503318  0.07298395 0.28093955]
50107 [0.05535859 0.07066353 0.0753708  0.08264153 0.21004228]
41089 [0.0693896  0.07893639 0.12946549 0.14760599 0.14864455]
36580 [0.03750264 0.05154743 0.08117341 0.135452   0.23020999]
50107 [0.04180169 0.08404749 0.09173837 0.21941884 0.31473762]
12031 [0.00126247 0.00139219 0.00395362 0.00475961 0.96537524]
13033 [0.00894606 0.01356023 0.02096887 0.03945287 0.811604  ]
37582 [0.02837099 0.03684588 0.04019541 0.07325785 0.30505088]
24556 [0.00193616 0.00240971 0.00680029 0.03312549 0.9247292 ]
35077 [0.04993575 0.06028049 0.10017879 0.11591777 0.18620953]
47101 [0.04418093 0.06633222 0.07021142 0.0900576  0.42345166]
49105 [0.02950696 0.06806593 0.10242523 0.18505469 0.21818127]
25558 [0.02420229 0.0319948  0.06591846 0.18018004 0.58848155]
41590 [0.04438819 0.04526937 0.05969428 0.14423408 0.3011488 ]
45097 [0.02377258 0.02506137 0.02756803 0.05406847 0.72519785]
42091 [0.00175178 0.0021741  0.00887912 0.1534124  0.8219178 ]
49606 [0.04780703 0.05026226 0.0788628  0.11402223 0.12154121]
33574 [3.0814594e-04 7.0120487e-04 9.3652779e-04 1.1983366e-03 9.9200332e-01]
49105 [0.06871006 0.07331375 0.08713783 0.09974341 0.4568148 ]
33073 [0.00423554 0.00500007 0.01153918 0.3186427  0.6343624 ]
43594 [0.04141955 0.05057204 0.05110706 0.08777746 0.61413133]
50107 [0.04675265 0.0490353  0.0872508  0.2518421  0.29483703]
47602 [0.05075386 0.08569056 0.10566276 0.13293715 0.3620719 ]
