14035 [0.03938534 0.04590531 0.08063155 0.09821295 0.22087212]
42592 [0.01642929 0.01671064 0.01705654 0.11091074 0.6258727 ]
39586 [0.05767794 0.0645692  0.10176477 0.12956527 0.13079908]
47101 [0.02734066 0.03191847 0.03583656 0.05570377 0.61343694]
50107 [0.01885881 0.02782711 0.16016452 0.28242493 0.41665408]
41089 [0.03855391 0.04393871 0.05736042 0.09499238 0.43946573]
5017 [0.01906483 0.02473366 0.03447601 0.05541991 0.68771225]
50107 [0.04201937 0.04373194 0.06168021 0.07253334 0.08017071]
49105 [0.06886984 0.10869401 0.11069078 0.1702924  0.19334015]
36580 [0.03618218 0.05445078 0.10239848 0.11334101 0.4056309 ]
47101 [0.03790263 0.05831784 0.05906349 0.0874349  0.09975689]
50107 [0.01788555 0.01809994 0.05365856 0.12031842 0.5967011 ]
25558 [0.06899688 0.0895891  0.10677289 0.12125684 0.15609962]
48103 [0.00507054 0.00779163 0.02968724 0.11997227 0.786308  ]
43594 [0.02223167 0.02397311 0.04147483 0.0763445  0.6418043 ]
48103 [0.03467371 0.03729355 0.04236769 0.14128947 0.5398846 ]
49606 [0.00182353 0.00284376 0.00384382 0.00640534 0.97958267]
33574 [0.01404847 0.01482526 0.10055371 0.11644694 0.56074834]
49606 [0.02820688 0.04347006 0.04831156 0.36257973 0.37416062]
50107 [0.05617631 0.09767925 0.10038349 0.10403705 0.23171261]
38083 [0.09766753 0.11414725 0.11936978 0.1824113  0.18517575]
48604 [0.04286354 0.0533391  0.08097879 0.17506938 0.31166515]
28564 [0.05581776 0.07257307 0.0729916  0.20706342 0.3187659 ]
50176 [None]
48604 [0.00771739 0.01033467 0.01054678 0.45011052 0.46901765]
18043 [0.02974322 0.03069098 0.08229968 0.08971848 0.6488527 ]
50107 [0.04901848 0.08477852 0.12130849 0.14963551 0.38375613]
48103 [0.07876228 0.09161714 0.09235877 0.12030539 0.1812667 ]
48604 [0.0335702  0.05318983 0.07371389 0.09474427 0.18849865]
7522 [0.00630399 0.00809739 0.01301796 0.01867927 0.7829821 ]
49606 [0.04353778 0.05140696 0.06253997 0.10553204 0.3986074 ]
28564 [0.06846602 0.07360609 0.09105549 0.09484404 0.1207955 ]
45598 [0.00637052 0.00934327 0.01830568 0.02376301 0.88096875]
49105 [0.01785965 0.0192021  0.14955452 0.2242441  0.38114658]
49606 [0.03828406 0.05268523 0.09405478 0.18642607 0.3093803 ]
50107 [0.00778291 0.00873473 0.01003197 0.29538998 0.63065046]
47101 [0.01955923 0.02141705 0.0214901  0.02924348 0.81277883]
49105 [0.01398796 0.05515739 0.09911302 0.10466065 0.54065716]
32572 [0.00194204 0.00201431 0.00209206 0.4144625  0.56445163]
31570 [0.03751066 0.03802775 0.04674934 0.10942101 0.21765657]
49606 [0.00988617 0.0111439  0.01757177 0.144695   0.72951037]
43093 [0.05757548 0.06023268 0.06635169 0.15347898 0.31821853]
47101 [0.05128484 0.05158086 0.08377935 0.0899635  0.2592453 ]
48604 [0.03047324 0.10086678 0.10181285 0.12309842 0.2894346 ]
42091 [0.04209424 0.06159553 0.07365484 0.1064323  0.11349806]
28063 [0.01696616 0.03325237 0.0444532  0.14900048 0.593208  ]
45097 [0.05496718 0.0560489  0.13366793 0.16475229 0.21603864]
44095 [0.01956946 0.0579855  0.12067963 0.2847749  0.30909958]
36079 [0.00511704 0.00831449 0.01060818 0.01919391 0.91626817]
44095 [0.02030657 0.02062912 0.06746526 0.10833275 0.6248482 ]
34075 [0.03386819 0.04185478 0.08134377 0.36264583 0.41113386]
50107 [0.02284724 0.02470514 0.03533143 0.03564924 0.65759647]
42592 [0.00247009 0.00424528 0.0065988  0.01070845 0.94343287]
50107 [0.03586051 0.04672237 0.10118187 0.10855759 0.6036274 ]
15037 [0.01818379 0.0206897  0.06202591 0.11678749 0.58664525]
38584 [0.03273835 0.04442969 0.12635109 0.13299786 0.2715644 ]
41590 [0.02529607 0.02792857 0.04391699 0.11827059 0.5585911 ]
33574 [0.04398819 0.0534324  0.0600227  0.15646563 0.31668964]
50107 [0.01826502 0.06930721 0.10622754 0.2048861  0.34356332]
36580 [0.01951303 0.02545806 0.03882595 0.12692982 0.6511614 ]
49606 [0.04445047 0.0517075  0.1053067  0.1599292  0.25917122]
33574 [0.01012609 0.0140268  0.02632185 0.08112922 0.79309785]
36580 [0.03128428 0.05436955 0.06949808 0.25595447 0.38450187]
38083 [0.01628001 0.0295936  0.03109678 0.16175836 0.7273988 ]
37582 [0.04391696 0.05912564 0.07896575 0.10852968 0.1712021 ]
29566 [0.03241616 0.03331718 0.04734062 0.0572638  0.49945116]
49606 [0.01592877 0.01614841 0.0600942  0.06636089 0.82376844]
49105 [0.04682439 0.0575398  0.13527034 0.16931579 0.20777197]
34576 [0.04108804 0.05580076 0.09436205 0.10282298 0.33402357]
24055 [0.02684656 0.03232249 0.0516988  0.08866795 0.3430687 ]
49105 [0.02221066 0.03719692 0.05638555 0.23778763 0.54330456]
49105 [0.02008594 0.02209429 0.02384733 0.03443954 0.5672825 ]
49105 [0.02324695 0.02760501 0.03742085 0.33983597 0.39555544]
34075 [0.04135049 0.05635625 0.06198916 0.1379363  0.20468299]
46600 [0.0689438  0.0836824  0.11503633 0.1191616  0.14829575]
47602 [0.05054682 0.05747777 0.10155123 0.18628925 0.2915476 ]
49105 [0.04393896 0.04930525 0.05830016 0.07776681 0.24888559]
48103 [0.00547861 0.00920657 0.01334844 0.17031197 0.7681268 ]
49105 [0.03539417 0.05851784 0.09706102 0.11271919 0.48914495]
50107 [0.00796001 0.02973554 0.07651835 0.27294326 0.5998321 ]
49606 [0.03336666 0.06738882 0.12346555 0.13384637 0.2317736 ]
49606 [0.0532146  0.06917331 0.06924797 0.26125288 0.29176512]
10528 [0.02894763 0.04085183 0.04085205 0.11512861 0.19318382]
41089 [0.08458155 0.12285775 0.12373444 0.15697463 0.1779621 ]
11029 [0.00455263 0.00688033 0.00911341 0.02676566 0.8351445 ]
48604 [0.03233826 0.03673755 0.09820569 0.2201696  0.22849932]
48103 [0.04666029 0.05134561 0.05288766 0.18150899 0.3203053 ]
49105 [0.03066568 0.03346556 0.06698313 0.06818581 0.58103096]
34576 [0.04515368 0.06650838 0.07848131 0.09569997 0.1948747 ]
15538 [0.02264521 0.03220949 0.06517537 0.12015014 0.15308452]
36580 [0.02754305 0.02759621 0.03235359 0.19915001 0.25092754]
41590 [0.0659467  0.06747112 0.08157819 0.08761999 0.18405364]
50107 [0.04883596 0.07001463 0.12164751 0.13349642 0.25892013]
43594 [0.04487466 0.05735622 0.08158971 0.09138921 0.10671131]
34075 [0.05827256 0.06708525 0.09216362 0.16986504 0.17245004]
48604 [0.04091312 0.04811924 0.04914671 0.07519887 0.09996303]
50107 [0.05115519 0.06864269 0.09379669 0.15708512 0.17381687]
37081 [0.04879057 0.07671455 0.09191849 0.09336413 0.10670666]
40588 [0.02295977 0.0475294  0.10923159 0.2670793  0.43482053]
41089 [0.03502184 0.06258722 0.07637576 0.07953791 0.6232827 ]
32071 [0.03408614 0.03442245 0.06440853 0.13414575 0.4774426 ]
50107 [0.0145553  0.02199573 0.06129137 0.11507486 0.56874585]
42592 [0.00583687 0.00608107 0.00729743 0.05589873 0.86165106]
46099 [0.05384609 0.06275921 0.09752408 0.10064565 0.10643141]
46099 [0.07498423 0.08439069 0.09117258 0.1170505  0.37024832]
33073 [0.03326614 0.05778686 0.08706789 0.12509954 0.22452398]
40588 [0.06504969 0.11979333 0.12195571 0.13312775 0.14893287]
48604 [0.0233603  0.024974   0.04890036 0.06047408 0.6033965 ]
48604 [0.05239637 0.06592944 0.12784413 0.15226582 0.29082552]
12532 [0.05510579 0.05900849 0.06368212 0.11924239 0.3309488 ]
33574 [0.0231851  0.04145614 0.07008722 0.15253255 0.4201678 ]
41089 [0.00577398 0.01075179 0.04816431 0.10307941 0.7992087 ]
30067 [0.04367984 0.04829922 0.06060853 0.15577222 0.40026665]
39586 [0.06228831 0.08655288 0.11407278 0.11834732 0.14727102]
43093 [0.03811565 0.04143784 0.07265947 0.11729869 0.25879073]
45097 [0.01976193 0.02159068 0.05756252 0.14051929 0.48005447]
49606 [0.07713564 0.08843578 0.10585084 0.14903207 0.20321238]
47101 [0.04942603 0.0626692  0.07940801 0.08082815 0.18444808]
41089 [0.02552825 0.02570393 0.06991819 0.13368174 0.5642717 ]
45598 [0.04162578 0.05500118 0.09442156 0.12119374 0.17549442]
44095 [0.05418461 0.07201621 0.08949708 0.09971846 0.17682642]
49105 [0.01905746 0.02682396 0.03481426 0.07755894 0.70999247]
13033 [0.02297019 0.02577283 0.07840157 0.16849689 0.30166975]
50107 [0.06266839 0.0879016  0.13929975 0.20488335 0.33756015]
44596 [0.04605102 0.10476293 0.15295397 0.16173026 0.36918598]
35578 [0.05326821 0.05376992 0.06413753 0.07096453 0.17099702]
48103 [0.04752258 0.07900195 0.13233578 0.15764138 0.20623547]
14536 [0.05085487 0.09243903 0.09795001 0.09862556 0.23296641]
45598 [0.01557273 0.02109021 0.24058673 0.24884261 0.31075767]
30568 [0.04112669 0.06106175 0.12520029 0.14493974 0.39578682]
49606 [0.01778241 0.0179417  0.0247559  0.2257649  0.48250023]
16039 [0.01937434 0.02214273 0.03180769 0.05115003 0.7076494 ]
47602 [0.08457527 0.09444118 0.10069053 0.12383575 0.33100873]
47602 [0.0315234  0.04538403 0.07402977 0.11780467 0.24616162]
47602 [0.03057718 0.03644991 0.09960417 0.24659795 0.28546968]
14035 [0.01691223 0.01996489 0.03060501 0.05997398 0.6293866 ]
44095 [0.03104061 0.04077927 0.06093427 0.06501915 0.4040122 ]
40087 [0.07548261 0.08410509 0.09744132 0.10022657 0.21170408]
49105 [0.0559767  0.05939512 0.062706   0.06713201 0.23515075]
39586 [0.06507672 0.09626984 0.12772815 0.13626772 0.24767764]
19045 [0.03049204 0.03872957 0.0958067  0.18199687 0.43917936]
50176 [None]
48103 [0.04947456 0.06814739 0.08316803 0.11797012 0.30223516]
50107 [0.0294822  0.05943869 0.06579959 0.24406445 0.4920946 ]
27061 [0.03665846 0.08061375 0.0856163  0.15713207 0.5128358 ]
47602 [0.0664905  0.08950296 0.09027474 0.10010243 0.13425663]
41590 [0.02729428 0.03590408 0.08393364 0.12542313 0.19665176]
40588 [0.00935491 0.01075591 0.01593147 0.02592517 0.870987  ]
50107 [0.02632648 0.05110315 0.06278247 0.14135177 0.3652594 ]
35077 [0.04625886 0.04847208 0.05054826 0.05201403 0.067459  ]
48604 [0.05253455 0.05621543 0.08152369 0.08470083 0.201306  ]
50107 [2.9773041e-04 3.0200050e-04 2.8982800e-03 4.4799419e-03 9.9129456e-01]
48103 [0.05763227 0.05994997 0.06222149 0.0763043  0.3146183 ]
50107 [0.04633942 0.05558807 0.06154345 0.07529297 0.17018186]
44095 [0.02427308 0.03167752 0.03822361 0.20258664 0.32941657]
29065 [0.05180954 0.05437658 0.05942319 0.06379198 0.14126317]
41590 [0.04141299 0.05804082 0.13137795 0.2716846  0.30551884]
43594 [0.03997752 0.05775531 0.06432376 0.10916512 0.30822656]
47602 [0.00695012 0.00962785 0.01194865 0.01676097 0.893966  ]
36580 [0.05117747 0.05143744 0.09772368 0.14079271 0.16884768]
42592 [0.05653155 0.07252553 0.08291622 0.1908575  0.25179067]
50107 [0.00410036 0.00821737 0.01759171 0.02377976 0.9295908 ]
47602 [0.03127496 0.04461768 0.11419586 0.12847066 0.4774434 ]
50107 [0.08477802 0.0985518  0.14646806 0.15101889 0.21862192]
50107 [0.01574046 0.01640806 0.08557862 0.18778996 0.6096349 ]
48103 [0.06936422 0.07956834 0.14267431 0.16134602 0.254583  ]
50107 [0.07643494 0.08690728 0.09137027 0.18188657 0.3876951 ]
46099 [0.0342016  0.03921342 0.0436388  0.08163934 0.42907476]
43594 [0.03344986 0.03823316 0.05723415 0.08209965 0.11633492]
47101 [0.06036154 0.06393368 0.10462222 0.19234991 0.3043518 ]
48103 [0.05719683 0.07016261 0.09165192 0.09426028 0.14336164]
45598 [0.0261456  0.05039779 0.08428444 0.09094819 0.44705728]
40087 [0.01769182 0.02100722 0.05621878 0.06144286 0.66974294]
45097 [0.02365324 0.03176406 0.09685471 0.23812301 0.31091294]
48604 [0.04762799 0.05296979 0.06897819 0.18210843 0.21613829]
47602 [0.0616816  0.07308774 0.07842688 0.12908806 0.14683725]
37582 [0.0337456  0.04012891 0.04263527 0.1643049  0.34637564]
40087 [0.01268627 0.02448469 0.05609706 0.08023465 0.66668165]
44095 [0.05026432 0.05240187 0.05575619 0.2007176  0.24109529]
7522 [0.04277142 0.04392114 0.10348922 0.1090486  0.24215534]
50107 [0.02179593 0.03994659 0.04405752 0.11383176 0.5482151 ]
49105 [0.04315571 0.04839395 0.07611005 0.08207951 0.27481437]
48604 [0.06828229 0.08717752 0.10226415 0.13745038 0.2255026 ]
50107 [0.03456677 0.04252457 0.06502251 0.06824069 0.35697863]
37081 [0.03131505 0.04659435 0.08067951 0.23271237 0.23706563]
44095 [0.04403804 0.06054971 0.11914323 0.12750548 0.18286556]
25057 [0.03488928 0.07082096 0.072364   0.19893052 0.34620723]
44596 [0.03286674 0.03423994 0.03932733 0.07935239 0.47403297]
48604 [0.05296912 0.06381057 0.09829456 0.22277601 0.27933234]
49105 [0.05621357 0.07246927 0.08689158 0.14813904 0.17428796]
49105 [0.04594399 0.04624127 0.06653313 0.08681951 0.2752569 ]
11029 [0.00958279 0.01580986 0.0336838  0.11812387 0.7398813 ]
44596 [0.03234639 0.07053918 0.08723087 0.10202125 0.4399484 ]
12031 [0.04608917 0.05447586 0.0618729  0.08259851 0.10405719]
49606 [0.0467954  0.05239557 0.12180477 0.1538607  0.2262907 ]
49105 [0.04935526 0.05956215 0.07971443 0.18586716 0.287361  ]
50107 [0.00550386 0.01149888 0.07498145 0.16044764 0.7089511 ]
41590 [0.01470047 0.01531041 0.02815304 0.05915264 0.75394225]
50107 [0.05521628 0.13693699 0.15170124 0.19056638 0.27707392]
26560 [0.03695511 0.0436776  0.06463782 0.07964316 0.10787605]
15538 [0.03749805 0.04035978 0.05227922 0.07409286 0.09811506]
49606 [0.0467796  0.07148919 0.13263497 0.18132074 0.5028121 ]
47602 [0.05451078 0.05935168 0.0804556  0.08255842 0.10496271]
48103 [0.07287388 0.0868287  0.10247884 0.1368199  0.27067357]
21550 [0.03689899 0.03930269 0.04601892 0.06652214 0.21698788]
24556 [0.04881421 0.05573488 0.05691497 0.06063931 0.35984954]
32572 [0.01067572 0.0110052  0.03003735 0.0864123  0.7698731 ]
34075 [0.0401814  0.05316671 0.10603231 0.10626362 0.3709294 ]
35578 [0.01409354 0.02145533 0.03865275 0.2677631  0.52791274]
44095 [0.06654575 0.08054049 0.10841379 0.1333402  0.13909978]
34075 [0.03978601 0.0591924  0.18671735 0.2608097  0.34458348]
47602 [0.00821126 0.02047731 0.02182292 0.21832386 0.6817128 ]
48604 [0.04849059 0.05383886 0.11231002 0.1203521  0.340201  ]
48604 [0.03897765 0.05490092 0.05872552 0.10313484 0.4031182 ]
50107 [0.04900178 0.05569866 0.08072612 0.18431559 0.39984384]
44596 [0.04025697 0.04750651 0.09730176 0.14119878 0.22114322]
50107 [0.08823808 0.10257345 0.11887498 0.14841896 0.3486488 ]
47602 [0.0425359  0.05783611 0.08477676 0.08694524 0.19204366]
50107 [0.05565708 0.05847758 0.06629425 0.09194819 0.09800173]
50107 [0.02675697 0.08397407 0.1174771  0.18554007 0.2424262 ]
35578 [0.05336985 0.05475593 0.05710922 0.13495344 0.41332868]
50107 [0.01600199 0.03020063 0.03759734 0.04780313 0.68440396]
36580 [0.02500377 0.03572558 0.04974852 0.2143216  0.43046635]
48103 [0.06199326 0.0738534  0.093178   0.19581892 0.31638172]
32071 [0.06012812 0.08641373 0.12005369 0.12228    0.37332848]
50107 [0.01815971 0.03693476 0.03749601 0.10841989 0.67412376]
44095 [0.07483732 0.08633988 0.14622076 0.1598103  0.25898024]
5017 [0.00121462 0.00187682 0.00197175 0.00412533 0.9848734 ]
46099 [0.01019837 0.01028783 0.05554865 0.06864847 0.6451735 ]
44095 [0.03913079 0.06117621 0.1133322  0.18629271 0.43719235]
40087 [0.02861682 0.03644493 0.17707574 0.20135528 0.26287588]
41089 [0.04003343 0.08111484 0.14420404 0.18981402 0.32133782]
48103 [0.0077374  0.01903304 0.04483016 0.34553915 0.5441551 ]
41089 [0.05482027 0.06613059 0.08171009 0.11406613 0.25895298]
28564 [0.04369837 0.04651357 0.05172945 0.16735092 0.26156014]
41089 [0.00795686 0.01449694 0.02068988 0.02080987 0.85765547]
48103 [0.01895418 0.07131831 0.15019874 0.19650589 0.41130188]
37081 [0.03135994 0.06815751 0.08116074 0.08457759 0.30765873]
7021 [0.02722879 0.03805862 0.09397513 0.20409691 0.22010317]
34576 [0.01342307 0.02061761 0.05348638 0.12679575 0.66907316]
6019 [0.02951922 0.04922974 0.0870513  0.09887378 0.213903  ]
42592 [0.00429437 0.00590133 0.00674149 0.01491345 0.896147  ]
48103 [0.05239095 0.05497006 0.09015316 0.12463901 0.25619376]
49105 [0.01131082 0.02155105 0.02372694 0.07953341 0.81023717]
36079 [0.01324    0.01738428 0.15139017 0.18207718 0.5450527 ]
34075 [0.06156109 0.12877677 0.18007687 0.1810964  0.24548231]
49606 [0.04806619 0.04920122 0.06313003 0.19255103 0.1958246 ]
31069 [0.04539179 0.04658406 0.04983015 0.05962227 0.18491083]
37582 [0.03477518 0.03959353 0.05197155 0.05535256 0.43412244]
37081 [0.03681507 0.05687182 0.05883327 0.06618106 0.11365523]
49105 [0.06086873 0.06486781 0.06731267 0.06906671 0.32147732]
46600 [0.11147585 0.11683327 0.12537548 0.13689016 0.26349506]
48103 [0.05812065 0.05986035 0.06101626 0.06813753 0.10706379]
5017 [0.04054026 0.05041387 0.05725926 0.08311801 0.5408993 ]
46600 [0.04249775 0.04346238 0.04612313 0.07107856 0.5813085 ]
5017 [0.03431043 0.04834072 0.07684016 0.07840638 0.47325838]
39085 [0.03562472 0.03802929 0.06802516 0.07023695 0.5346574 ]
35077 [0.05312864 0.05705451 0.05984316 0.11574067 0.21070196]
34075 [0.04513875 0.09335379 0.1143077  0.15021424 0.2685088 ]
37081 [0.0220526  0.05183322 0.1972288  0.22018501 0.33065888]
28564 [0.03686941 0.04437049 0.083691   0.10106112 0.15950492]
48604 [0.03901852 0.0482651  0.0735746  0.08075508 0.15420441]
48103 [0.01789548 0.01794618 0.02559661 0.06118301 0.22172135]
48103 [0.03137606 0.0511612  0.05401964 0.17783292 0.3347424 ]
45598 [0.04726071 0.08166596 0.10060692 0.10816783 0.12822385]
45097 [0.01047731 0.01541102 0.02350928 0.04473795 0.71665627]
37081 [0.06810812 0.08280449 0.08352965 0.12361517 0.18224001]
50107 [0.04153726 0.04251925 0.13253684 0.18710129 0.21303403]
48604 [0.02643045 0.02734181 0.02927457 0.04575962 0.7292494 ]
50107 [0.01170636 0.02126242 0.10037325 0.10741932 0.6014004 ]
46099 [0.01844617 0.02836355 0.02915972 0.17427124 0.5400085 ]
43093 [0.06437894 0.06855816 0.11021667 0.12328905 0.4735505 ]
50107 [0.01779862 0.03006952 0.18123072 0.27354115 0.3589837 ]
34576 [0.03441681 0.03828215 0.04133485 0.09694973 0.3407476 ]
36580 [0.00132076 0.00141689 0.01425291 0.12946723 0.83895046]
43093 [0.02063001 0.02284303 0.02737971 0.0678187  0.6857413 ]
50107 [0.06025044 0.07049325 0.10902467 0.15536487 0.24695869]
49606 [0.02878247 0.0361033  0.06766665 0.28041458 0.42113084]
45598 [0.01427997 0.01709681 0.01806097 0.1494902  0.62522674]
47602 [0.02704047 0.03173728 0.07142068 0.07963869 0.35589448]
39586 [0.03831397 0.06146019 0.06350592 0.08050457 0.610148  ]
49105 [0.08175381 0.10285811 0.10683135 0.10969716 0.20845789]
33073 [0.02315265 0.03793888 0.05271749 0.07873633 0.64144456]
35077 [0.0327179  0.12621532 0.15480131 0.21977252 0.26268104]
48604 [0.03621647 0.07059776 0.11266027 0.19690996 0.3296766 ]
49606 [0.04077658 0.06815363 0.14658883 0.16778772 0.30239025]
47101 [0.0220707  0.02428532 0.07304816 0.1425918  0.50545233]
49105 [0.03088838 0.04188666 0.04394399 0.05670065 0.12997222]
36079 [0.02591995 0.04758129 0.06326569 0.10210657 0.4328227 ]
40588 [0.04509828 0.05645689 0.06054133 0.24697648 0.43165866]
42091 [0.04666021 0.05329099 0.08406859 0.20069446 0.30011895]
43093 [0.05377042 0.06871145 0.08181528 0.13171938 0.27159145]
45598 [0.01374899 0.02332283 0.08155551 0.10542157 0.591002  ]
49105 [0.03690907 0.05251734 0.07682211 0.22468239 0.39621738]
22051 [0.04784695 0.05251125 0.05399049 0.13153967 0.15221138]
46600 [0.03484755 0.03517279 0.04521809 0.08465352 0.595485  ]
49105 [0.02106841 0.0700376  0.21964462 0.28161538 0.32063088]
38083 [0.02671697 0.02882647 0.03493346 0.08182733 0.57373726]
37582 [0.02136362 0.03158908 0.17594609 0.25027978 0.2636389 ]
47602 [7.5132964e-05 7.5323449e-05 8.8283778e-05 2.7012697e-04 9.9907255e-01]
49105 [0.03207252 0.0454966  0.07422099 0.14768858 0.46525824]
38083 [0.0327936  0.04444042 0.048222   0.07738405 0.23776822]
49606 [0.04773485 0.06691554 0.09915143 0.13411851 0.17506218]
50107 [0.04147635 0.0436574  0.05523894 0.11292017 0.3356884 ]
30568 [0.04947247 0.0628773  0.09280406 0.16278832 0.16488543]
37582 [0.04973444 0.05186749 0.06784071 0.0800604  0.1620867 ]
27061 [0.04048843 0.04332752 0.0503693  0.2637736  0.3093266 ]
47602 [0.0895493  0.11846013 0.13250405 0.20088944 0.2475315 ]
36079 [0.05480327 0.05555529 0.21055835 0.21466029 0.24068384]
48103 [0.07773337 0.090219   0.12769875 0.13657354 0.291693  ]
45598 [0.04281683 0.06836443 0.16750556 0.1810673  0.35453725]
41590 [0.037632   0.04871824 0.05297476 0.07707614 0.5594202 ]
50107 [0.01899242 0.02089938 0.02362571 0.04531459 0.48804873]
50107 [0.05560469 0.05987907 0.07219041 0.07830719 0.16312483]
48604 [0.03784013 0.03916735 0.05527117 0.05695339 0.384271  ]
50107 [0.04900067 0.0552706  0.06012031 0.06848153 0.42273122]
41089 [0.05344256 0.05898717 0.0631829  0.08319222 0.19377391]
42592 [0.03886497 0.06517267 0.0651902  0.1347372  0.49180445]
48103 [0.06015412 0.06707344 0.14039774 0.14520852 0.42229992]
47101 [0.05298427 0.08603806 0.13123278 0.15381622 0.33038613]
45097 [0.00870046 0.00993452 0.01635735 0.09868698 0.76133573]
50107 [0.0142648  0.02723827 0.0403371  0.37612277 0.5026728 ]
49105 [0.03036126 0.03311823 0.06004483 0.06143997 0.4945608 ]
43594 [0.05610258 0.07941455 0.0844341  0.09065007 0.27358633]
39586 [0.04909208 0.05058208 0.05483966 0.15028824 0.28408483]
46099 [0.04215374 0.05400829 0.10668269 0.11925059 0.2206317 ]
37081 [0.05896172 0.06423208 0.069824   0.07740164 0.2136323 ]
50176 [None]
45598 [0.03374026 0.03516974 0.11074226 0.2357984  0.25642732]
39085 [0.04819768 0.05582105 0.07907061 0.14034627 0.3727511 ]
47101 [0.00825624 0.01013785 0.03445055 0.18614341 0.69503576]
48604 [0.06639282 0.06708062 0.07588338 0.10149895 0.40098348]
46600 [0.02719833 0.0345153  0.04517715 0.05732656 0.58075786]
36580 [0.02218992 0.02886618 0.06925563 0.11021415 0.25558844]
49105 [0.05389451 0.05592028 0.07032924 0.21039708 0.254564  ]
48103 [0.05862426 0.06177041 0.07745431 0.08499564 0.08768834]
49606 [0.02869227 0.05758757 0.09521235 0.14140025 0.58276814]
38083 [0.02775762 0.05260788 0.1085016  0.14086914 0.3584282 ]
9526 [0.0372665  0.04305785 0.04824339 0.10508032 0.2549679 ]
40087 [0.03726997 0.04289003 0.11587765 0.11774041 0.4781059 ]
50176 [None]
49606 [0.03440925 0.03704998 0.05468644 0.07883225 0.5294822 ]
47602 [0.02834182 0.04764657 0.0588544  0.12334713 0.61203307]
45598 [0.06875668 0.08468863 0.09806595 0.1920137  0.21607238]
50107 [0.00590157 0.01539673 0.0173823  0.02817634 0.8495572 ]
45598 [0.0157672  0.02013349 0.04691532 0.14963944 0.5613173 ]
49606 [0.04497992 0.05959559 0.06461499 0.08865417 0.18986695]
45097 [0.04636601 0.07310492 0.07496534 0.16695066 0.44547614]
42592 [0.05135916 0.0561504  0.05736395 0.06079132 0.46976233]
45097 [0.05259324 0.05674366 0.06366187 0.12926005 0.16133378]
34576 [0.01421425 0.02499763 0.0350809  0.03899356 0.83874565]
48103 [0.03787421 0.04268686 0.07608733 0.0830593  0.2964415 ]
44596 [0.04439296 0.06035727 0.09417225 0.174347   0.2550449 ]
43594 [0.01862458 0.02901043 0.04408969 0.15156373 0.6537754 ]
49105 [0.02484376 0.02815073 0.02939348 0.03799709 0.613222  ]
42592 [0.03389388 0.08440036 0.08733734 0.11763467 0.4294395 ]
48103 [0.02407971 0.05209836 0.07823926 0.11013739 0.5923586 ]
45097 [0.05184412 0.05478023 0.07172312 0.07484145 0.1357146 ]
35578 [0.02916694 0.03811232 0.03895237 0.06476692 0.4208365 ]
41590 [0.05688706 0.08611533 0.08679894 0.13423236 0.29483604]
48604 [0.02122546 0.02459212 0.16306247 0.23821011 0.51175714]
49606 [0.02895585 0.04155297 0.04297342 0.15114619 0.32963967]
49606 [0.0356845  0.03849267 0.05104668 0.06492006 0.21512385]
43594 [0.00677184 0.00884567 0.01473917 0.0932321  0.81869066]
44596 [0.0083064  0.01742543 0.14007422 0.20221014 0.5827672 ]
46600 [0.05186516 0.05406367 0.09070339 0.14994803 0.27266413]
50107 [0.01393834 0.02417812 0.05606901 0.23200871 0.60979193]
47602 [0.06035707 0.08642238 0.09556959 0.11160278 0.23940238]
49606 [0.01366983 0.0156478  0.02372477 0.08794392 0.69312525]
38584 [0.01737197 0.03672129 0.10341208 0.3316304  0.3679415 ]
44095 [0.02803991 0.06130707 0.16447684 0.16557124 0.20485291]
44596 [0.0541547  0.05987114 0.0612989  0.0638454  0.11764916]
47602 [0.04766781 0.05077271 0.06084549 0.09016589 0.1538947 ]
48604 [0.03655862 0.04309943 0.09870734 0.11743057 0.5258072 ]
34576 [0.01083277 0.01838477 0.02577626 0.09299587 0.7733086 ]
41089 [0.02602287 0.06436133 0.07594872 0.13115343 0.35326898]
49606 [0.01556463 0.01996037 0.02303357 0.06760219 0.74947965]
41089 [0.05061314 0.05287051 0.05917168 0.11027938 0.27941385]
48604 [0.05804326 0.07109385 0.10027294 0.1052484  0.20786211]
49105 [0.05486501 0.06646909 0.07147371 0.08045591 0.15166554]
37582 [0.05818065 0.05874598 0.0587552  0.07324762 0.18554372]
27562 [0.0015562  0.00167548 0.00250114 0.02089916 0.96846974]
33574 [0.04894134 0.08990203 0.09015831 0.12461109 0.35029426]
43093 [0.02787535 0.04424384 0.04638537 0.06278095 0.494217  ]
37582 [0.02938081 0.03244503 0.04015655 0.05458414 0.06604114]
36079 [0.00175631 0.00791251 0.01424019 0.06307043 0.90839744]
15538 [0.03048973 0.03897253 0.09132436 0.10130052 0.53651947]
39586 [0.03331091 0.04278698 0.04355484 0.13314582 0.48731104]
39085 [0.00916446 0.01693596 0.02159424 0.16818921 0.72921354]
38083 [0.0247233  0.03218479 0.03500507 0.05612899 0.5906217 ]
48103 [0.06038986 0.06124593 0.07641838 0.12269197 0.20077477]
49606 [0.0386317  0.03891361 0.03945948 0.09553608 0.44054815]
41089 [0.04479912 0.0633458  0.07797755 0.08188571 0.52118695]
50107 [0.01492601 0.01674194 0.09798603 0.22638342 0.5072482 ]
50107 [0.0377325  0.04058741 0.07533187 0.16498713 0.4249334 ]
45598 [0.06793971 0.07054224 0.07536948 0.09560288 0.10429764]
49606 [0.062719   0.07605121 0.08908883 0.22067533 0.33781862]
45097 [0.01607002 0.02124044 0.02583351 0.02583499 0.7666918 ]
25558 [0.00966015 0.02383895 0.19725142 0.26173043 0.4282772 ]
45097 [0.05111651 0.05993443 0.07629963 0.0801094  0.17989376]
41089 [0.03855233 0.04971956 0.09289112 0.1315329  0.26266056]
44095 [0.04775297 0.08656542 0.16113508 0.17670934 0.17715684]
16039 [0.04231392 0.06810796 0.07271154 0.07636783 0.11797704]
48604 [0.03426937 0.03497498 0.035482   0.05403404 0.62604445]
40087 [0.06218514 0.06905498 0.08434199 0.09406112 0.13425381]
48103 [0.03676624 0.10346425 0.10761206 0.1173183  0.23713079]
49606 [0.03769316 0.05032568 0.05364712 0.12839094 0.37492022]
50107 [0.03744971 0.06699636 0.16080728 0.18326662 0.301449  ]
38083 [0.05674266 0.07883681 0.08941137 0.09067988 0.13823326]
50176 [None]
36580 [0.05057309 0.07780115 0.09046013 0.10536267 0.27574855]
49606 [0.04131431 0.07585484 0.13172892 0.26088247 0.38144773]
17542 [0.01309847 0.01337875 0.02308339 0.03126008 0.8107145 ]
48103 [0.04190085 0.0536998  0.12247764 0.26249644 0.29482493]
48604 [0.05012995 0.06318788 0.06592169 0.08857462 0.10442092]
37582 [0.06273955 0.07455125 0.0802516  0.13198914 0.17554325]
50107 [0.03185963 0.04428054 0.04933614 0.07292178 0.13691697]
46099 [0.05479028 0.09906783 0.11720484 0.1246388  0.19478954]
37081 [0.05035769 0.06902584 0.0943089  0.14918868 0.3742189 ]
47602 [0.03121544 0.03766336 0.05948627 0.21208087 0.5657157 ]
46099 [1.5319273e-04 1.7189083e-04 2.8042606e-04 4.1078997e-04 9.9821883e-01]
49606 [0.04148722 0.10456646 0.12432671 0.17626578 0.41657442]
38584 [0.06065365 0.0772338  0.08315813 0.16875719 0.28568864]
48604 [0.01636067 0.01770993 0.03209657 0.03263605 0.7310456 ]
50107 [0.05481366 0.06066553 0.0655262  0.07188925 0.11972376]
50107 [0.01371559 0.01861667 0.20735726 0.32112694 0.3326313 ]
38584 [0.04377663 0.07415551 0.09145568 0.11860836 0.25983772]
48604 [0.00873826 0.01783108 0.02409732 0.14729436 0.7494341 ]
47101 [0.07369844 0.08001026 0.08557896 0.13338917 0.25114968]
50107 [0.04905959 0.04948234 0.0514693  0.10988078 0.11461076]
33574 [0.03801673 0.04360341 0.05717218 0.06060481 0.5594809 ]
50107 [0.03261431 0.04053647 0.11937079 0.16599962 0.25053197]
49105 [0.04522486 0.06746189 0.11437292 0.19158718 0.25400963]
30067 [0.06448238 0.08546969 0.08922916 0.11783923 0.42287514]
48604 [0.04316279 0.05060206 0.0508821  0.16235447 0.5988169 ]
47602 [0.03530454 0.04107872 0.04639616 0.086009   0.16705789]
40087 [0.02783098 0.09216421 0.1061274  0.25121206 0.36696193]
42592 [0.01950447 0.02065766 0.02267488 0.12654549 0.565595  ]
50176 [None]
32572 [0.02495786 0.02533516 0.03299207 0.22392155 0.5782864 ]
43594 [0.00311937 0.00336958 0.00523108 0.00729873 0.9558518 ]
31069 [0.04112156 0.044656   0.04648427 0.16468665 0.23681456]
48103 [0.04520549 0.06399163 0.0958932  0.16756496 0.1965045 ]
47101 [0.02191251 0.03080778 0.17389815 0.17843471 0.27062505]
50107 [0.08207913 0.08431376 0.09755518 0.10149272 0.15417647]
45097 [0.01690049 0.02527802 0.03839974 0.04619561 0.6786667 ]
9526 [0.03401551 0.04288712 0.07083018 0.11455252 0.5580702 ]
48604 [0.02695305 0.03503679 0.03553408 0.04859722 0.51490664]
50107 [0.02748376 0.05337393 0.07253116 0.10836246 0.64104533]
50107 [0.04012366 0.06442599 0.09959174 0.14306691 0.27649945]
45598 [0.04685338 0.07243665 0.08398943 0.21681817 0.28088853]
44596 [0.006719   0.01345948 0.01535113 0.13831808 0.7759359 ]
41590 [0.00340313 0.0036017  0.02168485 0.04172755 0.8999826 ]
40087 [0.03653179 0.05853235 0.07812627 0.22334772 0.2757403 ]
45598 [0.03765079 0.0579729  0.07505944 0.2088395  0.2297156 ]
46099 [0.02606123 0.04909041 0.09703758 0.12320726 0.2178186 ]
44095 [0.07976805 0.11417129 0.12597431 0.170593   0.30555075]
50107 [0.07224039 0.0856701  0.10773811 0.26116905 0.3057464 ]
5017 [0.01060725 0.01502989 0.01645119 0.294091   0.6068595 ]
36079 [0.0412014  0.04709343 0.08554716 0.09229639 0.4787322 ]
50107 [0.04665324 0.05430768 0.14202172 0.15412693 0.448421  ]
33073 [0.04593068 0.12921564 0.13494653 0.19706134 0.24526317]
20548 [0.03635576 0.04197414 0.05582096 0.20508131 0.22684786]
46099 [0.03782565 0.04497243 0.07193658 0.08208938 0.565028  ]
50107 [0.07840896 0.09011176 0.09395876 0.17191991 0.29272968]
49105 [0.02341745 0.03007167 0.04886172 0.1734808  0.62197775]
42592 [0.07260109 0.07271487 0.08031097 0.17871153 0.21724513]
5017 [0.03187096 0.03692907 0.11092322 0.12205697 0.59662086]
47602 [0.01727048 0.03011133 0.07916832 0.10717981 0.6959391 ]
11530 [0.03307663 0.0436097  0.05178592 0.11697894 0.21669781]
49606 [0.04032296 0.05869128 0.07484882 0.17994212 0.32425836]
47602 [0.05640193 0.05752565 0.11451399 0.12966882 0.29323468]
36580 [0.04387235 0.05957618 0.06301957 0.07622577 0.18796664]
5017 [0.02426239 0.02648501 0.06159342 0.06301463 0.6689057 ]
42091 [0.06256919 0.06471895 0.11028285 0.18876755 0.2136022 ]
49606 [0.03725645 0.08184526 0.08933104 0.17994379 0.42948475]
40087 [0.00305118 0.00390498 0.00652591 0.43770704 0.5065095 ]
5017 [0.03142307 0.03261015 0.05539786 0.05980202 0.13284922]
48103 [0.02909398 0.03409562 0.03701252 0.04845936 0.57885075]
45598 [0.00168384 0.00317198 0.00533145 0.08764959 0.8895455 ]
36580 [0.05168809 0.06898102 0.09431825 0.12881747 0.15200949]
46600 [0.0073393  0.00983443 0.01102262 0.01242085 0.9121443 ]
48604 [0.03358068 0.03796971 0.06594137 0.07728938 0.14053728]
34576 [0.03390289 0.0649099  0.07831996 0.13743378 0.49908715]
24556 [0.04460865 0.0641617  0.06955665 0.07979777 0.20506793]
50107 [0.04366407 0.04463444 0.05501556 0.19135682 0.60932434]
13033 [0.07863303 0.07946892 0.11314017 0.15164857 0.18572877]
50107 [0.04744115 0.05002839 0.08092152 0.11424341 0.24420671]
47101 [0.02384775 0.03654512 0.10120567 0.19284858 0.32895127]
43594 [0.0707689  0.08720037 0.10512044 0.10672525 0.14431569]
37582 [0.00709088 0.01204607 0.01331919 0.05640016 0.84484595]
43594 [0.04189822 0.0478096  0.14041516 0.15767515 0.2294464 ]
48103 [0.02517533 0.09465944 0.15334894 0.20636086 0.4138594 ]
5017 [0.04554264 0.05326623 0.12929937 0.20183155 0.2627594 ]
50107 [2.4403274e-04 1.3021454e-03 1.3625325e-03 2.0764454e-03 9.9434692e-01]
32572 [0.03076714 0.03457031 0.03703332 0.09366575 0.5106362 ]
28564 [0.03796345 0.03936612 0.04486394 0.04774521 0.3526864 ]
45598 [0.01810969 0.02288237 0.04075836 0.19632268 0.625154  ]
24556 [0.06647708 0.06862471 0.10034198 0.10557773 0.24328598]
47101 [0.0548786  0.06585219 0.09548525 0.11674912 0.13993002]
43594 [0.00819726 0.01030235 0.01082674 0.01237642 0.8529726 ]
42091 [0.02923439 0.03335073 0.03512577 0.16276331 0.33011684]
47602 [0.06901429 0.0733745  0.07372312 0.07603831 0.20965719]
31570 [0.0734657  0.09579668 0.10840765 0.12633723 0.13296464]
45097 [0.0156686  0.02735041 0.03263563 0.30810854 0.5367777 ]
48604 [0.0306301  0.04396385 0.07206733 0.07428305 0.5170546 ]
5017 [0.0194943  0.02834947 0.09213671 0.17859839 0.52910346]
21049 [0.03475177 0.04272935 0.05212836 0.05682397 0.6070596 ]
47602 [0.00774423 0.00828346 0.00950992 0.03248035 0.89083874]
50107 [0.00223421 0.01326189 0.01422785 0.01502117 0.9480918 ]
48604 [0.03054816 0.03419354 0.05823366 0.05960179 0.48900294]
6019 [0.03456068 0.03498191 0.05378526 0.05715381 0.19937104]
33574 [0.02203696 0.04517743 0.06175635 0.09481356 0.52401614]
48103 [0.00446597 0.01126014 0.04375184 0.16288665 0.71645665]
40087 [0.03819844 0.04206759 0.1407823  0.16161504 0.27202523]
44095 [0.04055083 0.10108306 0.12308279 0.18808915 0.21488221]
50107 [0.0196528  0.02822542 0.02978169 0.04578817 0.5727199 ]
29566 [0.09497286 0.09902898 0.13169311 0.20350298 0.31660184]
39586 [0.05912349 0.07819547 0.0828151  0.10991867 0.21370746]
50107 [0.0382665  0.05154618 0.06284734 0.15697676 0.6109674 ]
46600 [0.05144054 0.05546888 0.0740457  0.12399989 0.45096934]
38083 [0.02901386 0.02912179 0.03991105 0.09436801 0.3586928 ]
48604 [0.05583354 0.05898283 0.09036261 0.0965388  0.09704178]
36079 [0.02069055 0.02175625 0.08224965 0.22702363 0.47549927]
49105 [0.04201201 0.04502372 0.0992301  0.10079005 0.20547742]
50107 [0.03253656 0.04251896 0.07000131 0.1373287  0.48723018]
27061 [0.03805036 0.05528101 0.10779439 0.15546687 0.3645434 ]
50107 [0.00600067 0.00622756 0.00844477 0.07850142 0.8777789 ]
22552 [0.07669332 0.07808165 0.10184427 0.13252479 0.19138849]
50107 [0.01374633 0.02803862 0.02893895 0.32434717 0.42083225]
26059 [0.04049783 0.04833813 0.10019659 0.22365059 0.30854863]
43093 [0.03639536 0.04124535 0.05079663 0.06157986 0.27092373]
50107 [0.12141826 0.13724694 0.14509222 0.16221008 0.29881325]
15037 [0.03017092 0.03485951 0.05118673 0.09366527 0.7326985 ]
32071 [0.03191972 0.0375458  0.05957665 0.10055406 0.54560477]
44596 [0.00813768 0.00822641 0.01021365 0.16536011 0.7655557 ]
46600 [0.03389502 0.04208704 0.04850588 0.06807925 0.11022782]
48103 [0.02811796 0.10046379 0.10363052 0.14164868 0.19977096]
30568 [0.0459646  0.04623603 0.10065975 0.12754641 0.34894785]
50107 [0.12348068 0.1234967  0.1250862  0.12862669 0.19013491]
48103 [0.06713945 0.08722612 0.09560321 0.13194904 0.16980733]
50107 [0.05056588 0.07249219 0.07345478 0.2246045  0.3348021 ]
39085 [0.00777683 0.00834998 0.00900487 0.00971217 0.8985525 ]
49606 [0.0551811  0.06145514 0.06952608 0.07598817 0.12830596]
36079 [0.04647631 0.05222642 0.14367574 0.16066232 0.19354826]
34576 [0.06953122 0.07167943 0.08088209 0.14085788 0.17612542]
35578 [0.05378636 0.05655413 0.07585678 0.11533753 0.20203082]
18043 [0.03294604 0.05332428 0.11929188 0.15222767 0.39640602]
37582 [0.03194794 0.07398334 0.08232778 0.08635394 0.4180655 ]
26560 [0.00396482 0.00428157 0.00664085 0.04575679 0.9083771 ]
42592 [0.04534792 0.07860386 0.09491423 0.16148289 0.1703226 ]
50107 [0.05346878 0.08594474 0.10523012 0.21868826 0.23505342]
49606 [0.0169436  0.03319151 0.05869648 0.28840023 0.47272542]
41089 [0.00273924 0.00489488 0.00657416 0.00821383 0.9687774 ]
45598 [0.03540835 0.05474942 0.05598259 0.1855786  0.19761202]
48103 [0.04138472 0.0611833  0.07267137 0.14341423 0.47155023]
32572 [0.02673422 0.0322611  0.04771643 0.0597434  0.44607505]
49606 [0.07087246 0.07770459 0.10047543 0.10193105 0.123878  ]
47101 [0.00349173 0.00555135 0.21014401 0.27502546 0.49000028]
49606 [0.10345162 0.11714949 0.11720838 0.15081923 0.20620562]
40087 [0.05496329 0.07153144 0.07924578 0.1038591  0.17828329]
50107 [0.02979162 0.05343811 0.10576721 0.16245338 0.5534074 ]
49105 [0.0204537  0.03687117 0.04341635 0.04611    0.5897047 ]
45598 [0.02219163 0.04967731 0.05316028 0.07401107 0.68608874]
32572 [0.0219662  0.03328096 0.03604468 0.11563    0.6369884 ]
12532 [0.00637576 0.00740037 0.02070641 0.02525227 0.8683981 ]
47602 [0.03717804 0.04370195 0.05185159 0.17468531 0.21192774]
43594 [0.04696917 0.05541942 0.09062865 0.26672858 0.3381248 ]
50107 [0.01217    0.01657703 0.03981619 0.0760485  0.8162795 ]
46099 [0.03842295 0.04153438 0.0454314  0.08332941 0.46470538]
45598 [0.04351393 0.0473292  0.08574584 0.14168142 0.2530726 ]
47602 [0.00548716 0.0132287  0.01500504 0.08683624 0.7539849 ]
42592 [0.03884377 0.03960533 0.04590818 0.2098486  0.30862638]
49606 [0.03493838 0.0563935  0.08005981 0.084224   0.51160717]
41590 [0.04099247 0.06590305 0.09835964 0.15172039 0.31173816]
48604 [0.03400545 0.05529914 0.05901762 0.06086221 0.07282215]
46600 [0.03968405 0.04176022 0.04342194 0.08510892 0.4983174 ]
45598 [0.02633427 0.04784814 0.05008401 0.10370979 0.41259813]
5017 [0.01187071 0.02349481 0.05903655 0.07039499 0.57520723]
41089 [0.03621649 0.03627894 0.1330169  0.15909548 0.21744241]
50107 [0.04957986 0.05056579 0.05625743 0.06765073 0.0894834 ]
31570 [0.04040977 0.04768128 0.04930456 0.06782928 0.4965107 ]
48604 [0.032012   0.04046129 0.10486267 0.21048081 0.3939461 ]
36079 [0.06076067 0.06151589 0.12191083 0.16667432 0.18708108]
37081 [0.04131233 0.04381169 0.06761444 0.1743022  0.40240172]
14035 [0.03864549 0.06512139 0.08359823 0.16507725 0.18428595]
39085 [0.0162649  0.02424392 0.06205988 0.09596021 0.5191287 ]
50107 [0.06475276 0.06823131 0.07423572 0.07443912 0.14772354]
37081 [0.05024632 0.08105955 0.08458637 0.14139247 0.185579  ]
45097 [0.03528462 0.03865034 0.06331958 0.09503771 0.34421185]
50107 [0.0521287  0.0631311  0.15345372 0.17734757 0.29870048]
14035 [0.03832849 0.05147984 0.07054991 0.09577518 0.21731609]
7522 [0.03646376 0.09774185 0.13968557 0.15313715 0.29386538]
43594 [0.00565586 0.0062024  0.01485269 0.08559982 0.848641  ]
42592 [0.00732972 0.00735421 0.01725378 0.07180372 0.84008044]
38584 [0.07197118 0.09156818 0.12119942 0.15660067 0.16133137]
48103 [0.0229718  0.03027825 0.11860407 0.25210166 0.35618687]
49606 [0.03610472 0.03936141 0.06320964 0.08753062 0.2676277 ]
5017 [0.01840055 0.019529   0.03880482 0.14592895 0.5874564 ]
40588 [0.05039612 0.05613184 0.07108564 0.1689533  0.19061133]
46099 [0.01539392 0.04924177 0.16911231 0.22358854 0.51787513]
43594 [0.01845543 0.02835498 0.06354429 0.20951897 0.48858523]
50176 [None]
38083 [0.01449799 0.02702966 0.03856574 0.03938822 0.58047646]
49105 [0.01734548 0.03180829 0.19012544 0.2576716  0.42597106]
46600 [0.03886572 0.04233614 0.05517804 0.1233655  0.31659156]
47602 [0.03026865 0.06434831 0.07490799 0.22325653 0.3407257 ]
50176 [None]
