9526 [0.02423852 0.02767814 0.05141807 0.08776078 0.25677794]
16039 [0.06955784 0.07666423 0.07787701 0.10295592 0.15679541]
22552 [0.03363292 0.03453167 0.04168279 0.04732436 0.18744496]
16039 [0.04141955 0.04678148 0.05115616 0.0812749  0.12747839]
41590 [0.02731004 0.07215177 0.08757158 0.22705306 0.4856162 ]
13534 [0.05478439 0.06402453 0.0883799  0.09247676 0.1024287 ]
5518 [0.07909898 0.12091939 0.13246183 0.13527447 0.17835553]
12532 [0.04352868 0.04704575 0.0739883  0.13085362 0.4190668 ]
8524 [0.02920202 0.03909735 0.06491031 0.12799962 0.14702335]
14035 [0.05262105 0.08079837 0.13018097 0.14222987 0.17369874]
13033 [0.02358859 0.0507437  0.07090962 0.27439058 0.39302954]
45598 [0.05267156 0.05957648 0.06881916 0.06966113 0.31905037]
9025 [0.03405704 0.03767165 0.06229084 0.08170665 0.11658353]
12532 [0.0428982  0.05290823 0.05523266 0.09231418 0.3111141 ]
42592 [0.05144477 0.07386332 0.10786971 0.13517629 0.31768113]
24055 [0.04868561 0.06090008 0.0876     0.22271058 0.439283  ]
35077 [0.06908096 0.07269864 0.08335941 0.1281481  0.23478198]
23554 [0.03675736 0.04193067 0.06991884 0.07081451 0.09042464]
18544 [0.00463715 0.01110774 0.02245139 0.04611882 0.90447307]
25558 [0.02429548 0.02613002 0.03430901 0.24378584 0.26891226]
12031 [0.07716119 0.07910123 0.09117676 0.12241871 0.14344393]
13534 [0.06677976 0.07662188 0.08174835 0.08884437 0.13861072]
11029 [0.03899864 0.03972093 0.08906298 0.11907571 0.4264253 ]
50107 [0.02745675 0.03837546 0.04226694 0.05215649 0.0573445 ]
49606 [0.02972193 0.04820873 0.15478446 0.22243562 0.5124005 ]
5017 [0.0611216  0.06358229 0.11711414 0.16634913 0.51888585]
22552 [0.07258261 0.11188838 0.12047648 0.13184868 0.13563748]
5017 [0.01407923 0.01596264 0.02716618 0.14499806 0.71560496]
41089 [0.03690133 0.03695671 0.04274415 0.05373267 0.2886576 ]
5017 [0.03130698 0.03258618 0.05634478 0.06924237 0.16471046]
16540 [0.03038535 0.08294476 0.09451699 0.13003847 0.34370896]
13534 [0.0227224  0.04189169 0.05966242 0.08340825 0.58256537]
32071 [0.00119033 0.00172674 0.00478652 0.00636794 0.9709864 ]
39085 [0.04438328 0.05394394 0.05991134 0.09582483 0.16452987]
13534 [0.0817283  0.09533344 0.11768752 0.12675421 0.36201945]
50107 [0.01619581 0.01619602 0.05784838 0.3785663  0.5068295 ]
34576 [0.02816134 0.04183429 0.05363372 0.08324996 0.37253442]
27562 [0.02463477 0.03235959 0.03462389 0.05585348 0.34008014]
10528 [0.04185307 0.04482069 0.0716361  0.07616611 0.10757761]
5017 [0.0236951  0.05295113 0.05682271 0.07671761 0.15090849]
22552 [0.03738351 0.04352159 0.07149878 0.12754184 0.28288108]
13033 [0.03795498 0.04214052 0.07065021 0.0896562  0.09273692]
38083 [0.05594536 0.07145319 0.08625519 0.09359842 0.09439588]
12031 [0.02988913 0.03156218 0.0635825  0.11754499 0.22563913]
28063 [0.01961449 0.01980662 0.02906799 0.0311117  0.86101836]
15538 [0.05584559 0.07319924 0.07526177 0.07742656 0.12218428]
25057 [0.02798392 0.03451726 0.09062046 0.1023096  0.5626836 ]
5518 [0.05776902 0.06419065 0.16667674 0.17328863 0.17853366]
14536 [0.00408828 0.00447657 0.00738194 0.01562652 0.9166333 ]
39085 [0.00243682 0.00417514 0.02447649 0.04714037 0.88610375]
5017 [0.01929169 0.02517378 0.03418084 0.14980136 0.7444762 ]
13033 [0.03296549 0.03874229 0.05736411 0.07101477 0.0761583 ]
14035 [0.038637   0.04545003 0.08352149 0.13472532 0.1927517 ]
50107 [0.03021814 0.05948292 0.09255307 0.20702207 0.48438045]
5017 [0.05466859 0.06416953 0.07731905 0.13742064 0.1997644 ]
27562 [0.03046028 0.03768764 0.0743602  0.12703183 0.2702306 ]
22552 [0.05870377 0.06107948 0.07477443 0.12537478 0.1301685 ]
19045 [0.0486651  0.05310601 0.0802893  0.1449366  0.20948023]
26560 [0.03146613 0.03872322 0.04008619 0.16544752 0.22938088]
11530 [0.03436388 0.03743148 0.04119338 0.07975613 0.10767484]
32572 [0.060731   0.0707347  0.07092979 0.07228462 0.17606159]
5017 [0.00613107 0.05727153 0.08651851 0.29030377 0.51090175]
11530 [0.03993848 0.05129293 0.10028322 0.17059077 0.2977245 ]
27562 [0.05482857 0.05908041 0.06903934 0.2578167  0.30888802]
33574 [0.04449681 0.04868967 0.06216555 0.08392821 0.08850268]
14536 [0.05299162 0.07133863 0.08064792 0.08203708 0.37317154]
42592 [0.02175434 0.04709583 0.05492477 0.12410879 0.6323114 ]
26059 [0.05778204 0.07034847 0.07350166 0.08832397 0.22188513]
13033 [0.03450076 0.03490027 0.04169275 0.10478362 0.34332302]
5017 [0.05728719 0.06587166 0.07610762 0.09123405 0.11242691]
41590 [0.01103678 0.01470515 0.01853102 0.3526824  0.54350317]
36079 [0.03573991 0.04631453 0.05309693 0.0924965  0.2826293 ]
24556 [0.00664244 0.00739217 0.00891024 0.06791735 0.85742533]
18544 [0.02161703 0.03339473 0.06532216 0.16437988 0.25184983]
8023 [0.02771393 0.03787519 0.04320361 0.07070777 0.07377899]
9526 [0.02383907 0.04564657 0.05685721 0.1213505  0.20814566]
33073 [0.03350612 0.05263857 0.05415228 0.10513975 0.35702553]
39085 [0.02974038 0.05816905 0.0733688  0.09672664 0.43972108]
5017 [0.02684977 0.03817445 0.04300778 0.06891128 0.3120454 ]
16540 [0.03506645 0.03884974 0.07592376 0.16558146 0.1765324 ]
7522 [0.03244398 0.03313925 0.03420247 0.04314798 0.05610606]
34075 [0.05545168 0.06336332 0.07141891 0.13931073 0.23507221]
23053 [0.04379491 0.05289757 0.07614121 0.07837283 0.37753844]
5017 [0.04340134 0.06707098 0.15648265 0.20558295 0.24235582]
14035 [0.01106969 0.01136238 0.01234848 0.03632521 0.65532047]
39085 [0.03971516 0.05034246 0.05688402 0.07954375 0.22786506]
21550 [0.03173866 0.09783854 0.11762974 0.1927817  0.2946053 ]
10027 [0.02317503 0.02854375 0.02971748 0.211459   0.3334728 ]
29065 [0.05812135 0.06329702 0.08171971 0.13420558 0.25104988]
10027 [0.03507823 0.06272282 0.0732352  0.10057358 0.27139077]
9025 [0.05844374 0.06196201 0.08216939 0.09071176 0.09178848]
10027 [0.04314574 0.05727447 0.06152904 0.07137395 0.08281256]
36580 [0.04647376 0.06892168 0.1117353  0.17834811 0.18605074]
17542 [0.02774663 0.02914958 0.08634676 0.11005175 0.2027411 ]
44095 [0.07199638 0.08628424 0.11117588 0.13510756 0.27166533]
34576 [0.06002437 0.06746989 0.0777836  0.09031673 0.19384123]
38584 [0.04120758 0.05209924 0.0545975  0.06426193 0.17786938]
27562 [0.03985296 0.04324561 0.04496907 0.07940438 0.16332439]
17542 [0.02608315 0.03663733 0.09575031 0.11880054 0.5036094 ]
16540 [0.03971806 0.04234983 0.09540288 0.14974087 0.1880808 ]
11530 [0.03585093 0.04115439 0.05162559 0.11432521 0.1995583 ]
10027 [0.04046902 0.06971269 0.07319472 0.09035928 0.09099162]
7021 [0.01851872 0.04306724 0.04658825 0.05643503 0.6663674 ]
13534 [0.01233665 0.08429369 0.20033474 0.2315027  0.43009326]
12031 [0.03791332 0.04577604 0.07004166 0.07173095 0.55758816]
35077 [0.05725753 0.06708155 0.09195302 0.09345355 0.19408858]
28063 [0.04660415 0.05965862 0.06600371 0.1574236  0.31315574]
20047 [0.0534966  0.05431247 0.05705724 0.07107975 0.35956824]
7021 [0.05346704 0.09052216 0.10534667 0.11154377 0.20819195]
12532 [0.02556073 0.03579565 0.05218862 0.17531961 0.5171766 ]
5017 [0.0130838  0.02909362 0.03374252 0.05902698 0.8228497 ]
5017 [0.05069947 0.07055    0.08444534 0.11361954 0.20040579]
5017 [0.00122259 0.00234814 0.00671405 0.03203931 0.94726974]
20047 [0.0490783  0.04926109 0.05269964 0.217181   0.37020198]
27061 [0.03626781 0.04919962 0.05209561 0.22627273 0.47762853]
27562 [0.02999833 0.0315204  0.07288649 0.11659097 0.18988056]
17542 [0.00279061 0.00426295 0.00429536 0.37725636 0.59450233]
9526 [0.01751925 0.02813532 0.0542957  0.12597008 0.6079783 ]
29566 [0.03257051 0.03328657 0.04374331 0.04738875 0.05230506]
46600 [0.02958202 0.04214665 0.04393879 0.21936232 0.44966123]
34576 [0.00660503 0.00785058 0.02482314 0.20714329 0.6673448 ]
15037 [0.03815614 0.03816675 0.03885981 0.03993447 0.36837983]
5017 [0.00114098 0.00141864 0.01156253 0.0116206  0.9682874 ]
24055 [0.03629256 0.04385721 0.04723936 0.1783094  0.22632526]
29566 [0.03585764 0.04555753 0.05064422 0.07368089 0.26778758]
12031 [0.06543015 0.06748254 0.06791018 0.11872618 0.27310392]
21049 [0.05079022 0.0584925  0.11416263 0.13009514 0.2793486 ]
19045 [0.04222191 0.04919907 0.08579697 0.14806132 0.15102868]
15037 [0.05205123 0.07497849 0.07948543 0.08402495 0.14350957]
35077 [0.08954193 0.09478579 0.12712973 0.15442596 0.22876327]
48604 [0.04160664 0.06913261 0.10927315 0.14721891 0.17303091]
5017 [0.05808624 0.09859124 0.14296634 0.19696268 0.23128247]
5518 [0.05099804 0.05806926 0.06738129 0.07031875 0.21232411]
5017 [0.04316108 0.04798978 0.05237878 0.07232212 0.12765534]
6520 [0.01659471 0.01720366 0.08807839 0.12587371 0.1980891 ]
13033 [0.03348147 0.04359599 0.06823324 0.07096143 0.28907552]
13534 [0.05642023 0.09737743 0.09799845 0.15754299 0.21463946]
33073 [0.04125241 0.04584936 0.07201344 0.19961445 0.21597554]
46099 [0.05321098 0.09097238 0.11672007 0.12009441 0.15946351]
8023 [0.0389485  0.04585834 0.05286473 0.05831882 0.41125324]
11029 [0.03483796 0.0611749  0.07616592 0.11598481 0.21882287]
39085 [0.04434973 0.07000763 0.075372   0.08664805 0.2645467 ]
13033 [0.07570486 0.08633382 0.10353095 0.23803388 0.25528955]
5017 [0.0013401  0.00260107 0.0077889  0.02105133 0.9611107 ]
5017 [0.00418445 0.00446233 0.01786433 0.07057531 0.8973988 ]
7021 [0.04572398 0.05005376 0.06270707 0.06376506 0.18403828]
27562 [0.0640332  0.09272879 0.1529338  0.18384516 0.20685175]
5017 [0.03949371 0.04638745 0.08437908 0.14789625 0.49946034]
5017 [0.01493497 0.02174156 0.02597793 0.17145337 0.5120751 ]
30568 [0.00271205 0.00286273 0.00412709 0.02269795 0.9539127 ]
28063 [0.02289043 0.0600835  0.09808199 0.32056776 0.3897823 ]
23053 [0.03544503 0.05003022 0.05461466 0.08789056 0.34493276]
21049 [0.05495367 0.06064437 0.07012037 0.11613472 0.1917115 ]
24556 [0.02817302 0.05816904 0.06865418 0.08050044 0.22839963]
24055 [0.05082425 0.06559639 0.07578753 0.0879867  0.11859014]
5017 [0.0112593  0.02477149 0.0831665  0.36902505 0.40303952]
8524 [0.03612633 0.04033082 0.04331087 0.06523646 0.27164915]
29566 [0.00749468 0.00801825 0.01556558 0.14611402 0.72177714]
37081 [0.04195603 0.0698461  0.1724504  0.18866093 0.3737942 ]
22552 [0.06861556 0.07645179 0.08142333 0.09768853 0.1539579 ]
18544 [0.03634901 0.04628326 0.04930583 0.09942399 0.5771088 ]
34576 [0.02258135 0.03023194 0.04782015 0.05813463 0.33116773]
15538 [0.04708556 0.05124633 0.08513939 0.19842194 0.25793722]
24556 [0.04455647 0.0451027  0.05636603 0.06538571 0.17990583]
48604 [0.00879402 0.01040595 0.0415265  0.35388872 0.39649004]
9526 [0.04399016 0.04957318 0.13711594 0.18479599 0.22647919]
6019 [0.04917855 0.05129805 0.10279595 0.17773254 0.22441526]
5017 [0.02806412 0.03500055 0.0431726  0.21939833 0.29502586]
5017 [0.0243071  0.04282033 0.14096113 0.20510465 0.2588045 ]
13534 [0.03528249 0.03756206 0.07870241 0.17833097 0.47862905]
34075 [0.04186382 0.05763993 0.08334209 0.09347225 0.2788645 ]
5017 [0.01309424 0.01565961 0.01683953 0.04047597 0.774603  ]
15538 [0.05759139 0.06788675 0.09231286 0.0923465  0.26345032]
19045 [0.05918267 0.06731091 0.09402712 0.0968397  0.22741126]
29065 [0.04103443 0.04441626 0.08518847 0.10317453 0.34023106]
27562 [0.03625315 0.03635647 0.04469346 0.04893085 0.56077445]
11530 [0.00839319 0.01380642 0.02668943 0.03578007 0.8932921 ]
11029 [0.06503963 0.06766449 0.07085951 0.11023435 0.11703707]
10528 [0.06374196 0.11503454 0.13560936 0.13592061 0.27196246]
16039 [0.01135555 0.01429124 0.02780849 0.0309801  0.8348971 ]
44596 [0.05140082 0.05292585 0.0825633  0.1559613  0.16048601]
50107 [0.06297476 0.07917146 0.13455234 0.19125693 0.2105155 ]
15037 [0.03255711 0.03493274 0.06591485 0.11576717 0.5609424 ]
44095 [0.02615564 0.03055333 0.04127059 0.08424862 0.5003865 ]
13534 [0.04496234 0.05140262 0.0519412  0.0727527  0.14314923]
20548 [0.01118058 0.01192062 0.01619093 0.10932942 0.75447583]
5017 [0.01983967 0.02354061 0.07905173 0.12568058 0.34033236]
6520 [0.00276057 0.003116   0.01657921 0.02849478 0.9387224 ]
10528 [0.0311978  0.04091322 0.07361839 0.30393356 0.38798326]
33073 [0.0355368  0.03893143 0.04062108 0.04275087 0.32178727]
8524 [0.0303605  0.05389143 0.06372062 0.11203355 0.16631407]
19546 [0.01952485 0.03539822 0.05939053 0.08609699 0.540835  ]
15538 [0.04727703 0.11901799 0.12500523 0.14206344 0.18164094]
7021 [0.05472776 0.06128401 0.07805737 0.07873278 0.30595985]
26059 [0.01888032 0.02653035 0.06609007 0.21365267 0.42472288]
16540 [0.03589337 0.05666142 0.06300119 0.3738292  0.40637875]
6019 [0.08013023 0.09117918 0.09668603 0.18422654 0.21371447]
23554 [0.02484996 0.03002628 0.03685615 0.27305523 0.35914555]
5017 [0.04831994 0.06259184 0.08372183 0.09673578 0.11101902]
5017 [0.05790173 0.05994049 0.06527038 0.17834172 0.2719376 ]
6019 [0.06285381 0.11280084 0.12898302 0.13067804 0.15311374]
14536 [0.02673561 0.0377925  0.04903438 0.19105962 0.35219344]
43093 [0.05310282 0.05899686 0.06178945 0.07213482 0.2913634 ]
23053 [0.04521881 0.04677129 0.07311988 0.07608748 0.4535177 ]
7522 [0.04893529 0.05403035 0.08289795 0.12873264 0.13247927]
14536 [0.05498117 0.06302699 0.06838534 0.07379737 0.09757507]
22552 [0.05394477 0.09345377 0.09622557 0.12859212 0.19503853]
5017 [0.01334329 0.02315678 0.02783884 0.09757718 0.6316573 ]
19546 [0.0371077  0.03743699 0.05076032 0.08977755 0.29911017]
5017 [0.00448076 0.00659762 0.0173643  0.01781905 0.9199888 ]
9025 [0.0163656  0.01832535 0.01901004 0.19559798 0.6184562 ]
45598 [0.02361215 0.04283935 0.06911471 0.10102627 0.64762616]
19546 [0.0359567  0.0558551  0.06804845 0.08381145 0.27288672]
43093 [0.03339797 0.04079113 0.06424308 0.12535867 0.16049424]
27061 [0.04650069 0.06561571 0.08893839 0.17692384 0.30738264]
9025 [0.00495764 0.02522302 0.04330786 0.04469014 0.8660788 ]
49105 [0.08509444 0.10496724 0.11686368 0.1673572  0.19893749]
5017 [0.07253728 0.08367315 0.13985315 0.16945098 0.17182031]
50176 [None]
20047 [0.03365557 0.04911664 0.05860823 0.10618269 0.11879202]
12031 [0.00542105 0.00692488 0.0178618  0.01848322 0.9169117 ]
5017 [0.00984363 0.01312478 0.0388476  0.04939684 0.79864836]
11029 [0.02173984 0.02346134 0.05960278 0.11576386 0.24154037]
5017 [0.0755109  0.08409923 0.09478572 0.10000116 0.20165336]
16039 [0.05234742 0.05812851 0.08960471 0.15309507 0.18479985]
6520 [0.00864223 0.01273241 0.02708006 0.04857366 0.845959  ]
47101 [0.05246338 0.07110427 0.10414463 0.12704031 0.14359587]
5017 [0.02692946 0.03158664 0.03343776 0.08809568 0.6842443 ]
27562 [0.04308462 0.05069446 0.0620882  0.10413942 0.21882491]
10027 [0.02191505 0.0300584  0.03272928 0.06985424 0.40108466]
15538 [0.04622069 0.04888962 0.05882275 0.08278646 0.0918936 ]
24556 [0.02923531 0.04834408 0.13134944 0.14217818 0.44658533]
42091 [0.0038148  0.00708158 0.0195007  0.4253823  0.5248824 ]
5017 [0.01961767 0.02677415 0.02960883 0.1740144  0.62232506]
5017 [0.03534495 0.13636722 0.1590214  0.16012211 0.23628615]
7522 [0.04888973 0.05642572 0.07418794 0.09012537 0.26472273]
26059 [0.04165943 0.06171364 0.06711297 0.06812081 0.11675852]
29566 [0.04140148 0.04947603 0.09766892 0.12424406 0.14995459]
8524 [0.04863944 0.05924884 0.07947189 0.10294938 0.35495135]
11029 [0.05736593 0.07790057 0.08207399 0.10820849 0.15613677]
29566 [0.05478122 0.06662279 0.0732067  0.20129453 0.22956681]
36079 [0.04261346 0.04287316 0.0627941  0.08443064 0.14624098]
5017 [0.05359259 0.06310315 0.12531762 0.21787274 0.3078581 ]
17041 [0.02961234 0.03014241 0.03048651 0.10599414 0.17997089]
44596 [0.02608576 0.0333091  0.1318484  0.26104113 0.4805629 ]
14536 [0.03619566 0.03725205 0.05904569 0.1187367  0.59150493]
48604 [0.05825238 0.07630763 0.07801939 0.09339747 0.19172034]
5017 [0.03627886 0.050594   0.1495692  0.17080101 0.31772998]
37582 [0.04261912 0.04734417 0.05790758 0.06757407 0.08013194]
20548 [0.02994163 0.03051302 0.05141268 0.16854401 0.41799352]
9025 [0.04547266 0.04791015 0.05282029 0.05379827 0.22762105]
27061 [0.03653418 0.04026121 0.04273334 0.0446465  0.30639023]
20548 [0.03892218 0.04158714 0.07747085 0.09848294 0.16130766]
12031 [0.02403452 0.02558411 0.04618631 0.05327556 0.10297842]
44095 [0.09894995 0.10988228 0.11774659 0.16899604 0.21828935]
13033 [0.03185621 0.05300148 0.06337854 0.07305203 0.47608575]
19546 [0.05270927 0.08399309 0.13659896 0.14708346 0.17108613]
12532 [0.00846521 0.00991221 0.017418   0.0428179  0.8829732 ]
9526 [0.0287517  0.03494531 0.0598342  0.0798859  0.23601948]
21049 [0.01166326 0.02323235 0.21086457 0.22352876 0.44253796]
7522 [0.04516955 0.06026379 0.12286369 0.15093206 0.38226274]
45097 [0.03571357 0.03822013 0.05218455 0.07829557 0.18244188]
8524 [0.03721703 0.04136671 0.07264856 0.08882361 0.09284806]
7021 [0.00995337 0.01032347 0.01732564 0.05669146 0.6959805 ]
11530 [0.02485437 0.02512226 0.03299501 0.03468952 0.5637497 ]
24556 [0.07893265 0.09137837 0.09606052 0.09842747 0.16653438]
9526 [0.03714437 0.05164916 0.08681323 0.16115883 0.20558307]
6520 [0.04317464 0.09271399 0.10201427 0.17243919 0.34816605]
47101 [0.04603103 0.06866353 0.10511848 0.1689043  0.24050848]
49606 [0.01482712 0.01611841 0.01920491 0.04739026 0.615707  ]
5017 [1.5988860e-04 1.8903498e-04 2.8645367e-04 3.7214800e-04 9.9728227e-01]
6520 [0.01892178 0.0217129  0.02745924 0.1411304  0.53510356]
15538 [0.06592028 0.09483834 0.11532698 0.14370835 0.2113442 ]
20548 [0.0389934  0.05004393 0.05702365 0.059324   0.07127249]
18043 [0.01062498 0.01223199 0.01714973 0.14915976 0.72645974]
34576 [0.05261689 0.05577788 0.06261558 0.14601676 0.20965225]
8524 [0.03268766 0.03924875 0.04950758 0.06234778 0.06569989]
23053 [0.00192012 0.00202139 0.00417622 0.18833888 0.77625024]
35578 [0.03778578 0.0550799  0.08627132 0.16014397 0.38743258]
14536 [0.02706237 0.02900176 0.02977636 0.18122712 0.283901  ]
11029 [0.04289301 0.04385936 0.0773639  0.09549882 0.15575711]
30568 [0.00815904 0.01046619 0.01509026 0.22642824 0.6754228 ]
10528 [0.03071581 0.03581162 0.0382504  0.04012112 0.6351231 ]
5017 [0.02559493 0.03473105 0.06457847 0.34679633 0.4324128 ]
6019 [0.00855904 0.02434438 0.03489463 0.07764463 0.8281754 ]
14536 [0.02379665 0.0273312  0.05452097 0.0893591  0.59694976]
5017 [0.04983943 0.05177289 0.08318023 0.16262959 0.34865195]
5017 [0.01975338 0.02334524 0.03207211 0.2985075  0.43708783]
15037 [0.0750129  0.10764589 0.15569885 0.21230753 0.22243017]
5017 [0.05147903 0.11302917 0.12059198 0.13554475 0.31894192]
9526 [0.03383041 0.11390353 0.12291689 0.14150494 0.18572786]
10027 [0.02533978 0.0337104  0.04291999 0.04630011 0.47804084]
25057 [0.06617834 0.06862015 0.09400368 0.1409726  0.19632694]
12532 [0.0367857  0.03767904 0.05147902 0.12755154 0.16466257]
16039 [0.03681769 0.04000139 0.04486757 0.12864149 0.2720057 ]
5017 [0.03485814 0.0353192  0.05561908 0.23918538 0.3211649 ]
31570 [0.07295413 0.08863682 0.1169785  0.13474856 0.13736157]
20047 [0.04015935 0.08744555 0.09551786 0.15016568 0.5318791 ]
33073 [0.04780881 0.05645312 0.12427144 0.23320417 0.33620077]
31570 [0.03624529 0.04727065 0.04807629 0.05045233 0.06470415]
5017 [0.0354342  0.08640993 0.10117868 0.2048422  0.3597085 ]
10027 [0.04150879 0.04281147 0.05252634 0.0757218  0.2509388 ]
5518 [0.01943067 0.02411911 0.02820522 0.068642   0.6420096 ]
8524 [0.04959275 0.05854518 0.06810052 0.07178519 0.08402333]
5518 [0.05836657 0.05926259 0.06468753 0.07485894 0.26317713]
6019 [0.02601747 0.05429801 0.07708091 0.19646215 0.32017368]
5017 [0.01647128 0.01878987 0.0253907  0.10921441 0.75656927]
29566 [0.07175247 0.07245481 0.09025019 0.13575383 0.28802276]
15037 [0.01743695 0.02396283 0.02862031 0.03790984 0.6081041 ]
17041 [0.02651874 0.02716098 0.07826254 0.09444299 0.608398  ]
18544 [0.05035291 0.09042294 0.12380088 0.1659509  0.17111541]
12031 [0.03482595 0.06134353 0.14196616 0.2119255  0.26428488]
44095 [0.03689268 0.05223648 0.05226144 0.06170253 0.37371534]
22552 [0.04364282 0.04839548 0.05107868 0.07940201 0.5415338 ]
35077 [0.03723191 0.04164878 0.04568543 0.05277865 0.16190483]
33574 [0.02677121 0.02994267 0.03986289 0.12738377 0.34977478]
6019 [0.04638819 0.0499458  0.05069949 0.1938222  0.28426403]
16540 [0.02382805 0.02640305 0.02686122 0.0567348  0.64802915]
17542 [0.03125433 0.04848969 0.07313308 0.0956568  0.47139055]
5017 [0.04148969 0.05005376 0.07092863 0.13253221 0.31057385]
32071 [0.04274479 0.06377909 0.11120035 0.12850635 0.23450837]
26059 [0.00187238 0.00209091 0.00214101 0.1539303  0.83264905]
21550 [0.03325851 0.0372398  0.04343589 0.10596899 0.35755327]
5017 [0.05305289 0.08123431 0.09904139 0.13935329 0.19530652]
5017 [0.03840972 0.04058853 0.0761762  0.07846368 0.29910126]
35077 [0.04051552 0.0626033  0.07591949 0.08673859 0.12394356]
25558 [0.0437508  0.07024051 0.10756422 0.11976915 0.31924585]
50107 [0.05294329 0.05495993 0.14705908 0.17405055 0.19926393]
15037 [0.03393925 0.03592125 0.05147827 0.11364993 0.183988  ]
6019 [0.01085979 0.01442154 0.02117249 0.03607561 0.69963914]
31570 [0.02159137 0.0270468  0.07737715 0.1190443  0.43085212]
18043 [0.0660282  0.07752723 0.08350673 0.08535482 0.18459211]
9526 [0.03659637 0.05395652 0.107402   0.11583294 0.36740154]
27562 [0.03830552 0.04040274 0.04143329 0.07366115 0.12938085]
14035 [0.05499654 0.0622767  0.07265794 0.07285523 0.09343974]
22051 [0.06392991 0.07232113 0.07501534 0.14506754 0.18268104]
20047 [0.03472508 0.04430313 0.04541638 0.08351145 0.24747236]
6520 [0.05185803 0.05858963 0.06267102 0.07832697 0.10597063]
10528 [0.04254569 0.0634535  0.06531011 0.09895061 0.18583415]
5017 [0.0600499  0.06612661 0.09648325 0.14482939 0.49767235]
50107 [0.04188855 0.04194587 0.10407478 0.15494856 0.32597974]
9526 [0.02739548 0.03794758 0.10207507 0.14696485 0.29096848]
30067 [0.05019607 0.08884963 0.10401799 0.1473432  0.25055894]
6019 [0.03281435 0.06055084 0.08269708 0.09898479 0.20671046]
40087 [0.04221478 0.04681171 0.09207484 0.09580946 0.3264561 ]
28564 [0.0475994  0.06157265 0.07960756 0.15478507 0.16138783]
18544 [0.05006859 0.06089434 0.07224042 0.1261422  0.27448475]
14035 [0.04199144 0.04314742 0.0532738  0.06724563 0.25586405]
49105 [0.03373053 0.03738592 0.07118607 0.12358239 0.21956901]
30067 [0.03171144 0.0569911  0.09650671 0.10781019 0.3352305 ]
15037 [0.0569399  0.06390372 0.09551238 0.18599004 0.35704824]
27061 [0.02928561 0.02964814 0.04212629 0.07846347 0.29493365]
5017 [0.00323338 0.00418711 0.00455352 0.00866545 0.94919324]
15037 [0.03968053 0.04836473 0.05047169 0.17723912 0.20898934]
16039 [0.06924844 0.07533557 0.08175182 0.11124832 0.11158866]
37081 [0.03017418 0.08833984 0.10161474 0.15234073 0.16685005]
35077 [0.00753168 0.00828544 0.01086696 0.01503467 0.7484926 ]
35077 [0.02007147 0.03143783 0.04347875 0.12021033 0.4699038 ]
15538 [0.02477325 0.04373161 0.05037565 0.10195452 0.5589672 ]
17041 [0.03197047 0.03798114 0.05425088 0.05808526 0.11285315]
6019 [0.04401012 0.05331876 0.12930705 0.15605679 0.2480694 ]
22552 [0.05210241 0.05370013 0.0646903  0.12344412 0.19505125]
41089 [0.02611722 0.02991146 0.03170751 0.08058166 0.22029959]
27562 [0.03140485 0.04499039 0.04820858 0.09788746 0.6380874 ]
5017 [0.04911312 0.06193265 0.09932645 0.1964497  0.32646444]
16039 [0.06592067 0.08273099 0.11971037 0.19365868 0.23197502]
46600 [0.04227481 0.0575441  0.10766259 0.1364303  0.26498118]
12532 [0.03480825 0.03575101 0.03735935 0.04574127 0.36837137]
7021 [0.05590115 0.06246442 0.0650649  0.07758465 0.2637522 ]
12031 [0.04132882 0.04916101 0.09054143 0.13065636 0.24320756]
18043 [0.04879457 0.05776759 0.06387555 0.0673278  0.0814249 ]
44596 [0.06903523 0.07298023 0.08802525 0.11952221 0.1646785 ]
21049 [0.06431812 0.07564972 0.0920856  0.24651657 0.2885173 ]
16540 [0.02976136 0.0362673  0.0479749  0.05054591 0.36995682]
9025 [0.00150105 0.00220428 0.00245248 0.00265544 0.983175  ]
5017 [0.00443378 0.00471875 0.00593141 0.10941638 0.8027508 ]
42592 [0.07999497 0.08381387 0.09260007 0.18812585 0.19032146]
29566 [0.05739013 0.05851234 0.06334762 0.08820952 0.13617067]
14536 [0.02464496 0.03319845 0.14213707 0.31055802 0.39515176]
13033 [0.00132849 0.00211359 0.00245952 0.00863714 0.9772819 ]
12532 [0.02034144 0.02806445 0.02966577 0.0699966  0.4994959 ]
40087 [0.00941704 0.06095065 0.09972183 0.32676175 0.44737294]
5017 [0.06498602 0.07884944 0.10107894 0.11520097 0.16110201]
27061 [0.02050057 0.02169005 0.04115143 0.06048851 0.7003237 ]
12031 [0.02118463 0.02369853 0.03602106 0.10209175 0.39269575]
11530 [0.00123185 0.00240776 0.00391494 0.00719009 0.9723325 ]
18544 [0.0403759  0.0438625  0.07028961 0.07032868 0.2116976 ]
22051 [0.03455554 0.04650164 0.06424924 0.351017   0.3552194 ]
5017 [0.0274924  0.03286504 0.04899959 0.12769192 0.50792557]
20548 [0.03287843 0.03776569 0.08119226 0.2284543  0.31342986]
31069 [0.03155563 0.03946976 0.05020345 0.08228786 0.4596376 ]
38083 [0.03146659 0.03893612 0.05443689 0.05654169 0.22443958]
13033 [0.0619586  0.07662717 0.08688057 0.17028067 0.21750793]
20047 [0.0283758  0.03346743 0.04187918 0.11641756 0.42444384]
5017 [0.08578661 0.10304775 0.12007655 0.1770149  0.33508942]
8524 [0.03436337 0.04152899 0.04498535 0.05971475 0.18023828]
24055 [0.0275707  0.0730028  0.1677463  0.22324032 0.29489794]
10528 [0.04566392 0.04606365 0.08537598 0.09118699 0.1049343 ]
16540 [0.0577382  0.06363048 0.084125   0.08468556 0.08482483]
8524 [0.03005162 0.04451837 0.05768725 0.13034782 0.394434  ]
7522 [0.0457648  0.05178781 0.06411038 0.0842537  0.28072652]
16039 [0.06239416 0.06696229 0.07393785 0.21032162 0.23923923]
9526 [0.02740617 0.03020971 0.07615107 0.12076118 0.2631792 ]
5518 [0.02301565 0.02494881 0.02762842 0.0339773  0.03871274]
8023 [0.05704169 0.10002005 0.10796259 0.12022661 0.37259123]
48103 [0.04641249 0.05018444 0.07310502 0.07797271 0.13378485]
40087 [0.04338724 0.05025878 0.10159516 0.10413752 0.3414424 ]
48604 [0.07995525 0.08000926 0.11913911 0.15771586 0.168516  ]
5017 [0.01711727 0.03244575 0.04386952 0.09615662 0.73406446]
49606 [0.0363995  0.03775461 0.07198824 0.11304223 0.22667158]
34075 [0.05731945 0.06164236 0.08027819 0.11560765 0.30747226]
10528 [0.03555843 0.03630292 0.06079331 0.1301959  0.16445972]
7021 [0.01287844 0.02109672 0.09575152 0.15860473 0.5820556 ]
31069 [0.08302082 0.10034183 0.1256344  0.1515024  0.1611105 ]
22051 [0.03274144 0.03295619 0.05433642 0.09826063 0.16456923]
11530 [0.01117705 0.04779286 0.05303118 0.12952082 0.6674455 ]
41089 [0.03815294 0.04340576 0.0436872  0.04452541 0.04681083]
10027 [0.04824149 0.04891649 0.07010987 0.07460012 0.13749723]
24556 [0.02748834 0.02805259 0.06537276 0.32863447 0.45525452]
12532 [0.03159216 0.03298837 0.07632829 0.10088208 0.4143469 ]
12031 [0.02016881 0.02459073 0.02532312 0.21068344 0.39839754]
12031 [0.04403912 0.05143434 0.14274201 0.1758359  0.18955961]
8023 [0.04641103 0.06143244 0.0743151  0.07544438 0.08705285]
13534 [0.04086342 0.04402037 0.05981143 0.14601426 0.4944746 ]
40087 [0.03796265 0.04043721 0.04417028 0.05175758 0.06891113]
7021 [0.04953085 0.05376361 0.0587072  0.08440295 0.17816691]
5017 [0.03351939 0.04026839 0.07532484 0.14984761 0.3294085 ]
45598 [0.02151969 0.03812941 0.05200506 0.18200986 0.66171646]
24556 [0.05461982 0.07332084 0.08174656 0.15224963 0.34038436]
21550 [0.0470884  0.05297958 0.06299579 0.07878095 0.20048815]
40588 [0.05442435 0.06253502 0.06932949 0.08029441 0.13706133]
50107 [0.05474859 0.05728193 0.05923693 0.08111861 0.26682013]
5017 [0.03810339 0.03932201 0.05525215 0.05821793 0.1043468 ]
20047 [0.03727679 0.07149452 0.13953884 0.22921574 0.30945647]
5017 [0.04514375 0.04710387 0.09206848 0.19469458 0.21399847]
49105 [0.04474135 0.04904157 0.06212566 0.0635748  0.0899829 ]
6520 [0.04156047 0.05672738 0.06288644 0.07770232 0.13420112]
21550 [0.04248175 0.04321798 0.04332843 0.08643995 0.19727817]
31069 [0.02672118 0.03164074 0.05409256 0.08350221 0.44037777]
10528 [0.08580406 0.10484328 0.10981385 0.11069719 0.1729309 ]
7522 [0.01153115 0.01874741 0.09084656 0.13105856 0.5783308 ]
12031 [0.01648781 0.01861639 0.0242513  0.33465314 0.46644726]
5017 [0.05650164 0.05660895 0.057066   0.06324195 0.17852728]
39085 [0.02737607 0.05901276 0.06284649 0.09168299 0.5402819 ]
34576 [0.04297872 0.04678681 0.05668681 0.05989262 0.3639872 ]
14035 [0.01825385 0.01886747 0.03528425 0.0418009  0.64660406]
11530 [0.03546711 0.04800221 0.05908767 0.08169074 0.1763953 ]
28564 [0.01311489 0.01327262 0.03157556 0.12603286 0.7414607 ]
16039 [4.7808987e-04 6.3501188e-04 6.4413657e-04 4.7111050e-03 9.8374200e-01]
37582 [0.03529735 0.05660805 0.06224408 0.10203978 0.16432907]
26059 [0.05754741 0.06143939 0.06292536 0.1122409  0.32631257]
18043 [0.04367917 0.05287225 0.06653474 0.08996617 0.14973179]
45097 [0.0617907  0.08683755 0.10521643 0.13952504 0.29651588]
36580 [0.04060315 0.04342348 0.0448891  0.05213975 0.15883212]
41089 [0.04225375 0.06078763 0.08324665 0.17129554 0.19020526]
37081 [0.00243497 0.00368415 0.00385086 0.040046   0.9169704 ]
5017 [0.00344683 0.00698572 0.01982647 0.02128864 0.9407765 ]
47101 [0.05916184 0.07448641 0.10120583 0.11992235 0.2516212 ]
5518 [0.01953476 0.02036136 0.05187847 0.0926972  0.40255156]
5017 [0.04313906 0.08935902 0.09995315 0.1147908  0.5187359 ]
10027 [0.03370112 0.03495032 0.14423141 0.14811449 0.22595945]
26560 [0.03015858 0.04652663 0.04766692 0.05426985 0.2556404 ]
9526 [0.05586183 0.05646956 0.10441606 0.11489075 0.22148369]
6019 [0.04473264 0.04600827 0.05127965 0.10344917 0.16742569]
47101 [0.05895226 0.06743741 0.08892379 0.16752219 0.30693093]
41089 [0.04503515 0.05179813 0.1685448  0.26793838 0.28521457]
6019 [0.062829   0.06667618 0.09009509 0.15019104 0.15291673]
6019 [0.04830043 0.07319067 0.12537417 0.1861449  0.21276262]
5518 [0.0436517  0.04597772 0.04721108 0.04951178 0.10488264]
20047 [0.03218368 0.03409237 0.04127682 0.05797649 0.36193037]
15037 [0.02874224 0.0377776  0.06884336 0.0707207  0.20015864]
7021 [0.06718704 0.07751767 0.13117516 0.17187503 0.1958456 ]
28564 [0.04727982 0.05414199 0.12475677 0.12797278 0.1306242 ]
5017 [2.6634560e-04 2.8415248e-04 1.0215584e-03 1.1015199e-02 9.8639941e-01]
19546 [0.05133266 0.06728081 0.07970601 0.31012166 0.33969048]
37081 [0.03956485 0.04317135 0.068976   0.17516048 0.18969642]
16540 [0.04484101 0.05960706 0.0857766  0.11400677 0.2504923 ]
5017 [0.03373533 0.03935827 0.08599753 0.15334108 0.55645275]
11530 [0.06202497 0.07031279 0.08181246 0.08860247 0.17021564]
5017 [0.01562076 0.02713487 0.07592902 0.2138938  0.5713874 ]
14035 [0.03600242 0.03888714 0.04222643 0.0436178  0.06440288]
8524 [0.02039295 0.02760819 0.0316852  0.10797586 0.6045111 ]
40087 [0.05583169 0.06582067 0.10197656 0.12198223 0.14257781]
8524 [0.05509831 0.05932157 0.07763493 0.11520632 0.16785938]
8023 [0.02590859 0.03725678 0.05006343 0.07470691 0.63284504]
24556 [0.04512315 0.06915139 0.09328652 0.11927035 0.2924902 ]
23554 [0.02063031 0.0221649  0.02216713 0.26939088 0.3551039 ]
5518 [0.02669007 0.03971458 0.05119548 0.05277875 0.06907904]
47602 [0.06393439 0.07932745 0.15038781 0.19586997 0.24150941]
29065 [0.03691005 0.05328379 0.0642876  0.11934257 0.19930598]
15037 [0.01923459 0.01974921 0.03462368 0.03529852 0.6030509 ]
18544 [0.04068095 0.04547846 0.07485977 0.10743168 0.27979335]
5017 [0.02265248 0.02396279 0.03563845 0.03833362 0.56586766]
5017 [0.01966892 0.02630619 0.04410768 0.05244379 0.22662579]
23554 [0.02397967 0.03854176 0.06302726 0.1127339  0.5187852 ]
5017 [0.02205346 0.02363543 0.0264836  0.32928246 0.3489674 ]
33073 [0.04992903 0.05995041 0.06194169 0.08682415 0.11786865]
50176 [None]
29566 [0.00943834 0.0172537  0.02264356 0.04558013 0.8301195 ]
6520 [0.02462455 0.02527565 0.03548574 0.06379507 0.21628891]
5518 [0.0270501  0.03556758 0.05019206 0.07961808 0.32447654]
37081 [0.02128317 0.02339734 0.0329285  0.09210496 0.6287465 ]
28564 [0.02447978 0.03255592 0.03876144 0.07987002 0.5894099 ]
26059 [0.0300317  0.07716071 0.20998032 0.23159333 0.31847394]
30067 [0.057076   0.06643436 0.06771301 0.1041143  0.11499592]
15037 [0.04712887 0.06757502 0.11018917 0.13426906 0.41356364]
5017 [0.01288784 0.03230164 0.06602859 0.19147693 0.51716673]
18043 [0.03923593 0.04079784 0.04259987 0.04835764 0.17882638]
22552 [0.05780626 0.08889187 0.08934572 0.10452578 0.16334787]
30568 [0.03733031 0.03973026 0.06038504 0.07826494 0.10504675]
7522 [0.07464021 0.10561986 0.12179434 0.12235013 0.15009448]
5017 [0.06028448 0.06329151 0.06371994 0.08151489 0.3293891 ]
23053 [0.0399622  0.05498553 0.05922138 0.08486397 0.14831984]
8524 [0.01362049 0.01490265 0.01693546 0.02080307 0.8275981 ]
5017 [0.00275771 0.00455308 0.00590118 0.00739862 0.9477804 ]
12031 [0.04546285 0.05805093 0.06445728 0.09889135 0.10078624]
45097 [0.04064019 0.05440146 0.05463624 0.07724655 0.15490347]
15538 [0.04059625 0.04490535 0.05299127 0.10213087 0.10872698]
31069 [0.02661236 0.03085441 0.05091981 0.08468759 0.2505062 ]
30067 [0.04037135 0.04113958 0.04359322 0.19969313 0.2711458 ]
12532 [0.03119208 0.03381179 0.03580856 0.03599137 0.04494206]
5017 [0.04199626 0.06364757 0.07793832 0.17102736 0.17865337]
9526 [0.02724315 0.03299318 0.03589712 0.13633832 0.41392845]
17542 [0.03225489 0.06796934 0.07224598 0.08672402 0.54593104]
22051 [0.04487148 0.04619142 0.05269885 0.09547118 0.30475816]
48103 [0.05429632 0.05453873 0.07366159 0.17559557 0.24315014]
5518 [0.05089468 0.06296448 0.06668182 0.09009045 0.11667036]
38584 [0.02402977 0.0373923  0.04136433 0.06148273 0.61026937]
5017 [4.4967446e-06 6.8594377e-06 5.6982724e-05 7.3979274e-05 9.9985015e-01]
47602 [0.02261243 0.03083749 0.05124917 0.07668824 0.33477846]
5017 [0.02878069 0.04369561 0.05166678 0.18464182 0.28383106]
35077 [0.0675053  0.07160153 0.07491292 0.0847173  0.3026809 ]
25057 [0.03917193 0.07051937 0.07245875 0.25591588 0.2810185 ]
9025 [0.00682116 0.02225513 0.04838887 0.34168565 0.5469283 ]
7522 [0.06264157 0.083185   0.11551287 0.12239864 0.14725804]
27061 [0.03989802 0.08932085 0.16455461 0.19767942 0.28117996]
15538 [0.04692287 0.04815427 0.0841493  0.12772024 0.23287319]
11530 [0.04024309 0.0448037  0.07162274 0.19753826 0.41710675]
5017 [0.00777571 0.00780378 0.01257233 0.03616469 0.8419829 ]
50176 [None]
8524 [0.04358479 0.04540358 0.05904282 0.06192327 0.27595055]
18544 [0.03023558 0.04130341 0.10971601 0.13393523 0.24342886]
28564 [0.0522177  0.05441347 0.11025944 0.11327996 0.13665593]
18043 [0.02478324 0.09376923 0.10524745 0.1493509  0.41595384]
8023 [0.02274176 0.04205958 0.05115076 0.19565481 0.48603114]
8524 [0.05107915 0.07253089 0.07525057 0.07604776 0.15573628]
34576 [0.03792372 0.05432281 0.09313034 0.14241083 0.40344635]
27562 [0.04145315 0.04529502 0.05651724 0.08385402 0.12168171]
10027 [0.04871034 0.09036302 0.1254327  0.12568823 0.20796391]
32071 [0.00608108 0.00646973 0.01002617 0.05126897 0.8823313 ]
25558 [0.03050332 0.04353622 0.06723129 0.18986575 0.53320664]
37081 [0.02354206 0.0249004  0.02583204 0.041524   0.65567756]
49606 [0.0777112  0.10712023 0.11271052 0.21677259 0.33559892]
26560 [0.02666374 0.03208149 0.0332984  0.05896823 0.5848665 ]
5017 [0.02884648 0.03086231 0.04750803 0.06563816 0.7082684 ]
27562 [0.04222828 0.07345025 0.09999175 0.10353632 0.21234836]
8023 [0.07385734 0.09740908 0.15462919 0.20131554 0.23384991]
11029 [0.04059882 0.0477236  0.05198248 0.1180519  0.39911732]
26059 [0.01743375 0.03581785 0.04423552 0.208617   0.55929524]
24055 [0.02643002 0.03244459 0.03754533 0.04138502 0.71679956]
9526 [0.018505   0.02013064 0.022448   0.04263091 0.64490694]
12532 [0.02649633 0.03469406 0.04151298 0.06009538 0.06516329]
36079 [0.0449746  0.04744999 0.1452493  0.14786246 0.3554984 ]
19546 [0.07090167 0.09536176 0.09711426 0.14064218 0.17411935]
23053 [0.02258235 0.03077893 0.0557471  0.27261063 0.41000664]
10528 [0.05987237 0.06706621 0.07749283 0.09401669 0.18390378]
10528 [0.01849963 0.01916994 0.02985159 0.09554805 0.37041974]
10027 [0.00640305 0.01261575 0.01323974 0.03295888 0.87624663]
28063 [0.01082815 0.08390215 0.10265095 0.2776565  0.4689573 ]
9526 [0.05476755 0.05903031 0.07016424 0.08605232 0.24348484]
11029 [0.03862529 0.0462098  0.05000856 0.09519344 0.10147475]
11530 [0.04864218 0.07583692 0.07835468 0.08878503 0.11160144]
28063 [0.0224681  0.06171035 0.16248453 0.19737524 0.3633743 ]
42091 [0.01580967 0.0374819  0.03975578 0.08976224 0.7011599 ]
20047 [0.03642139 0.03656979 0.05540014 0.10684391 0.48002908]
24055 [0.03633868 0.04252082 0.09667099 0.16757403 0.3045265 ]
33073 [0.03125342 0.03141601 0.03633248 0.03943797 0.04625674]
26059 [0.03245085 0.04639941 0.04864653 0.05077271 0.25498855]
5017 [0.02507438 0.03662498 0.0415492  0.10631301 0.11723739]
5017 [0.06793239 0.07561592 0.08558337 0.09438685 0.12204972]
49606 [0.04111565 0.04433367 0.07148529 0.07649231 0.08776613]
9025 [0.03811434 0.03966603 0.04588109 0.071351   0.15756607]
25558 [0.015072   0.01660898 0.02007128 0.05252939 0.71617025]
5017 [0.04756027 0.11329597 0.11376652 0.17294464 0.27188116]
34576 [0.02628987 0.02698585 0.05276729 0.1130232  0.6186334 ]
5017 [0.04086475 0.04468347 0.05301799 0.09833225 0.11444598]
5017 [0.00732892 0.0127231  0.04641853 0.21549894 0.6772945 ]
14536 [0.05472194 0.06415777 0.06462266 0.07906931 0.18029341]
16039 [0.07108709 0.08175241 0.10163508 0.15653658 0.2958665 ]
9025 [0.07703673 0.08433803 0.10511393 0.11293308 0.12476328]
35578 [0.05679379 0.05967397 0.08971564 0.11139521 0.16433938]
27061 [0.04664199 0.0528653  0.05451067 0.07868468 0.08590032]
10528 [0.03166203 0.05039113 0.10298079 0.16322975 0.5910648 ]
13033 [0.02801257 0.02817711 0.03656467 0.11017523 0.1155607 ]
5017 [0.02587745 0.0578323  0.10697354 0.1602074  0.43216297]
5017 [0.00229092 0.00250151 0.00366543 0.00775052 0.9630387 ]
10528 [0.02867607 0.04406499 0.04566339 0.04646193 0.42236224]
5017 [0.04435387 0.05289577 0.07584957 0.17215694 0.17274456]
5017 [0.0328477  0.03667007 0.09822264 0.14145707 0.35620207]
35578 [0.06312732 0.11101487 0.12393086 0.14126068 0.25093237]
5017 [0.06585057 0.10194487 0.11853035 0.12161439 0.26215577]
27061 [0.02683113 0.05108531 0.1030997  0.19201879 0.22013634]
5017 [0.02607967 0.0298052  0.04525762 0.06518941 0.34096533]
5017 [0.00135924 0.00137347 0.00197485 0.0042172  0.9776853 ]
23554 [0.02302296 0.02572192 0.11999696 0.3484521  0.384386  ]
20047 [0.04174639 0.04544473 0.0630902  0.17465025 0.37616932]
10027 [0.03972117 0.04945963 0.08149302 0.12407705 0.14957602]
44095 [0.01404619 0.02472861 0.06150571 0.07899161 0.6311556 ]
5017 [0.05211046 0.06304193 0.10662322 0.15675259 0.42031103]
