7021 [0.01699772 0.01772089 0.02107349 0.04625915 0.73707104]
22552 [0.04448336 0.04550613 0.06263395 0.06710442 0.21673505]
5017 [0.02367846 0.026146   0.04253778 0.25987566 0.35018682]
39085 [0.00573053 0.00722465 0.00762568 0.01078769 0.93061644]
14536 [0.02934135 0.02991686 0.0501937  0.05658768 0.57852626]
7021 [0.05647501 0.0589266  0.06236184 0.10618553 0.15171708]
5017 [0.03673832 0.04059519 0.05069314 0.0692508  0.07713191]
49606 [0.03834581 0.0425306  0.0491956  0.05045645 0.14153013]
27061 [0.03416206 0.06195857 0.11429345 0.15199307 0.24224368]
15538 [0.02397061 0.02770578 0.06139093 0.13689046 0.5647478 ]
43594 [0.01257956 0.0176879  0.03860098 0.06780495 0.66018915]
30568 [0.07642137 0.08205724 0.09613217 0.13727593 0.2571723 ]
5518 [0.03317334 0.045768   0.05731461 0.07918967 0.27693263]
48604 [0.10196877 0.11417542 0.11437584 0.11574315 0.18993619]
42592 [0.01984032 0.02711672 0.04670529 0.08059899 0.66744745]
43093 [0.09814133 0.11052442 0.11767036 0.14035673 0.2403756 ]
5518 [0.02870571 0.03682292 0.03720051 0.03879748 0.08938064]
7522 [0.02792793 0.02824983 0.03632647 0.05432779 0.0717911 ]
49105 [0.04492212 0.04645764 0.06686807 0.17291684 0.4969499 ]
50107 [0.02795695 0.03640471 0.06408125 0.1450694  0.4855615 ]
12031 [0.02486887 0.0384951  0.05278023 0.09811834 0.35762382]
46099 [0.06323888 0.06797372 0.07436872 0.1680579  0.20193066]
16039 [0.03665848 0.04175543 0.08807308 0.14184308 0.25532776]
49105 [0.03427729 0.04057552 0.05103765 0.05859803 0.05962794]
10027 [0.01107737 0.09377964 0.19767904 0.27901682 0.31611294]
36079 [0.00122432 0.00145314 0.00184292 0.08944349 0.8978915 ]
48604 [0.04087141 0.0664961  0.0811455  0.27476862 0.34562185]
8524 [0.04396797 0.04487687 0.05082079 0.07038166 0.11660828]
49105 [0.02622505 0.02900302 0.06573896 0.13698223 0.3148121 ]
6520 [0.0247286  0.02745354 0.02771499 0.02850405 0.08371305]
30568 [0.05399906 0.05952196 0.09056448 0.10382041 0.16947645]
5017 [0.03941743 0.04801247 0.08677791 0.09335654 0.18138719]
37582 [0.0458741  0.0516013  0.10829633 0.15991977 0.3770326 ]
49105 [0.05015352 0.05576992 0.08752679 0.14057884 0.25122172]
39586 [0.04179894 0.04799572 0.06359266 0.230119   0.2728468 ]
26059 [0.00533814 0.0067171  0.01420536 0.40454206 0.53173923]
40087 [0.0256508  0.05355058 0.06157137 0.08825808 0.4290861 ]
35578 [0.06289013 0.08354112 0.09930731 0.11285643 0.12567635]
27562 [0.00193975 0.00540429 0.05372484 0.2622607  0.6618584 ]
8524 [0.02650811 0.03161732 0.03973842 0.04179519 0.4202942 ]
27562 [0.02841335 0.03313318 0.06031472 0.23227035 0.49219579]
14536 [0.02679289 0.03231459 0.06211481 0.08649486 0.321798  ]
29065 [0.07196622 0.08240061 0.09010786 0.09811226 0.10755248]
44095 [0.0529034  0.08549841 0.08660198 0.09620804 0.2191932 ]
27562 [0.0017311  0.00179901 0.0039096  0.04110374 0.94008356]
41089 [0.06991525 0.07807045 0.15266512 0.16613148 0.25912806]
14035 [0.02562692 0.02738177 0.05843752 0.19460641 0.4727148 ]
44596 [0.03338326 0.03575392 0.05563911 0.08922815 0.39347383]
7522 [0.04257222 0.06324888 0.06341226 0.12051354 0.27342948]
39085 [0.03595037 0.04982525 0.17786874 0.21584892 0.3445124 ]
19546 [0.01413243 0.02087652 0.02457923 0.16084385 0.6907251 ]
11029 [0.05816999 0.06720376 0.0729235  0.07562482 0.15352346]
5017 [0.02060653 0.048758   0.07636492 0.26001006 0.50370145]
43594 [0.00677606 0.00705269 0.0101395  0.02301669 0.8938308 ]
5017 [0.03651572 0.04992791 0.05504991 0.08009703 0.33640426]
34075 [0.09398252 0.09880912 0.13247164 0.16293824 0.17434719]
12532 [0.03915113 0.04117743 0.05428621 0.0545704  0.11574173]
48103 [0.02254055 0.02355757 0.02478832 0.15567122 0.72029513]
49606 [0.03613865 0.04515299 0.1490409  0.19690816 0.31327143]
16039 [0.03167146 0.03473591 0.0716508  0.2171778  0.28424776]
34075 [0.05852224 0.06784284 0.08785186 0.11130645 0.37812826]
24055 [0.0042702  0.0043241  0.00777331 0.01344679 0.9488815 ]
22051 [0.06179991 0.06454439 0.07020561 0.14618716 0.16256818]
12532 [0.03700099 0.04093611 0.04320508 0.07864595 0.09530956]
11029 [0.04206171 0.04808564 0.08398514 0.1614838  0.21925715]
5017 [0.03180526 0.03840155 0.04839785 0.1627559  0.44161302]
22552 [0.05517712 0.0611255  0.07679728 0.18895741 0.37371916]
23053 [0.09552527 0.11182743 0.11827144 0.12461077 0.1319071 ]
13033 [0.03371244 0.04430435 0.04946098 0.133516   0.35363796]
5017 [0.02604431 0.02777659 0.04898462 0.05774744 0.06809621]
41590 [0.05194546 0.06350866 0.16123958 0.17878684 0.2672657 ]
19546 [0.0331734  0.03351571 0.03820328 0.09846509 0.10241752]
38584 [0.02606328 0.03937773 0.04103963 0.05555819 0.7847678 ]
18043 [0.03858172 0.03866235 0.04526471 0.05126263 0.11625543]
8524 [0.03334443 0.03421674 0.06329586 0.06736916 0.133817  ]
47602 [0.05781735 0.0960957  0.12835598 0.130462   0.13246126]
8524 [0.04134567 0.04508981 0.06020567 0.07811071 0.1811923 ]
44596 [0.01314974 0.01705673 0.01921512 0.15468031 0.6279441 ]
48103 [0.043218   0.04429283 0.059467   0.07073514 0.49192533]
36580 [0.03193021 0.04805074 0.05196297 0.23438872 0.43491754]
45598 [0.06851579 0.07117336 0.08544698 0.08896638 0.14446467]
10027 [0.02625016 0.04026313 0.05493758 0.07319357 0.3473036 ]
19546 [0.00827501 0.00983827 0.01082259 0.02938771 0.8490478 ]
7522 [0.05269001 0.05891993 0.08518162 0.16985281 0.21766937]
9025 [0.04170985 0.04486581 0.05332214 0.05974477 0.09339587]
44596 [0.0344859  0.07903355 0.08617558 0.17209798 0.53356624]
24055 [0.01957271 0.02285601 0.04359436 0.10940312 0.35649103]
29566 [0.0380089  0.04488942 0.07127611 0.14217815 0.22498138]
17041 [0.02285267 0.02492382 0.04913217 0.05669742 0.23444298]
38083 [0.01925631 0.02348299 0.05063796 0.10236058 0.6341409 ]
43093 [0.04493302 0.04615433 0.05983139 0.10831569 0.20826633]
41089 [0.02957846 0.03454122 0.03559191 0.08888287 0.23375905]
29065 [0.0373933  0.04463823 0.07465947 0.08115009 0.18766229]
35077 [0.03580118 0.03703422 0.05424457 0.09140516 0.2817594 ]
43594 [0.01555252 0.03228657 0.05024227 0.33967572 0.4256699 ]
29065 [0.05767198 0.06218642 0.08369064 0.09944235 0.18569915]
41089 [0.05801296 0.05927638 0.12623674 0.15584098 0.19148633]
13033 [0.05367199 0.06700356 0.08594125 0.11317921 0.17618988]
36079 [0.01199673 0.01630486 0.03264512 0.04071758 0.7933219 ]
40087 [0.04197639 0.04422121 0.04651156 0.1714978  0.31127062]
15538 [0.03092338 0.03235266 0.03362101 0.03945081 0.05054351]
38083 [0.01444247 0.01746001 0.03071477 0.05888124 0.73431015]
19546 [0.02333187 0.02371159 0.03054345 0.07558677 0.68090725]
13534 [0.01494552 0.02279642 0.08947155 0.36457303 0.46470097]
15037 [0.0585452  0.06314605 0.19889988 0.21974151 0.27554244]
18544 [0.04067591 0.04908183 0.05298096 0.06386264 0.3198908 ]
24055 [0.05777064 0.08319987 0.09167895 0.09418884 0.10049689]
41089 [0.01857898 0.0310806  0.04688579 0.19020444 0.588389  ]
42091 [0.04178062 0.06507418 0.08794969 0.13809271 0.2258514 ]
22552 [0.02718345 0.05519811 0.0968225  0.10249176 0.4690824 ]
17041 [0.04033379 0.05940565 0.06475732 0.10977031 0.21256286]
31069 [0.02514946 0.0259797  0.02863262 0.16371334 0.6418873 ]
36580 [0.05256351 0.06366351 0.07516239 0.10897937 0.13302913]
22051 [0.02392712 0.03124573 0.0698041  0.17223774 0.46175265]
19546 [0.01809901 0.04104497 0.05768381 0.06334578 0.6409362 ]
26560 [0.02798234 0.03426815 0.05152726 0.1780669  0.48781702]
42091 [0.00954449 0.01568425 0.01758316 0.08293907 0.6803128 ]
43594 [0.02422317 0.03023188 0.04591944 0.3575717  0.39143726]
11029 [0.0265561  0.04075278 0.04524031 0.07250111 0.36865008]
46600 [0.04816144 0.06052268 0.08140645 0.1673193  0.4534922 ]
29065 [0.01416766 0.01838889 0.03639713 0.25454897 0.49381483]
48103 [0.05282196 0.05918335 0.0931217  0.11441064 0.2711533 ]
46600 [0.00303205 0.00543852 0.00566066 0.00628543 0.96481234]
24055 [0.05462382 0.06287828 0.06775332 0.14701892 0.27635935]
32572 [0.04685186 0.05891078 0.08313958 0.12118735 0.1242124 ]
30568 [0.03796034 0.03984813 0.08824966 0.16241445 0.40142912]
13534 [0.01497944 0.02395943 0.02709048 0.03222929 0.597274  ]
46600 [0.06424449 0.08965124 0.09572083 0.09827528 0.11419751]
26059 [0.03908756 0.03936022 0.05718501 0.05922126 0.06684305]
6019 [0.0372272  0.05367131 0.05549762 0.302467   0.3795107 ]
35578 [0.03773503 0.04463843 0.05854291 0.12601954 0.14466149]
45598 [0.02964489 0.10131617 0.1196137  0.13428499 0.43814588]
35077 [0.10713269 0.12554128 0.13052958 0.1564271  0.16304782]
28564 [0.00899996 0.00941059 0.01128263 0.1461475  0.7190696 ]
21550 [0.02963527 0.03110385 0.04171298 0.12866971 0.47025135]
26560 [0.03197065 0.03240966 0.03743996 0.04913843 0.52123874]
36580 [0.03904602 0.05406268 0.10401215 0.2350993  0.30466938]
14536 [0.02076579 0.02767277 0.03188775 0.07144593 0.65604216]
42592 [0.03945162 0.05389176 0.05733934 0.07534444 0.16048858]
10027 [0.01730818 0.04063582 0.04204343 0.25014213 0.41069952]
49105 [0.03334282 0.0451625  0.05964362 0.10893867 0.11912723]
46099 [0.04258806 0.06094236 0.06645881 0.08789504 0.24641722]
44095 [0.08984675 0.10126705 0.10333598 0.11255784 0.15337779]
5017 [0.00118456 0.00172651 0.0078579  0.02290028 0.95909077]
43594 [0.0028519  0.01319732 0.01938017 0.06250432 0.8944075 ]
47602 [0.07599594 0.09767261 0.12084445 0.17324238 0.20149915]
21049 [0.0372595  0.08439815 0.09170344 0.24667586 0.42534995]
22051 [0.01321781 0.01692757 0.02360358 0.11411183 0.67240745]
49105 [0.02018158 0.02149527 0.03301594 0.12506218 0.41652343]
17041 [0.03910009 0.06104535 0.0937767  0.15287906 0.17886402]
36580 [0.05057855 0.10139211 0.15358745 0.15648274 0.20853417]
47602 [0.05406732 0.06222476 0.08315404 0.13899952 0.20472783]
39085 [0.02508543 0.03067212 0.0401927  0.24318303 0.3976737 ]
26059 [0.0360199  0.03605509 0.04046575 0.04502461 0.51404697]
10528 [0.04108857 0.05667579 0.14501905 0.15531647 0.1687463 ]
5017 [0.03310592 0.03827789 0.06467739 0.07896592 0.22255398]
6019 [0.05627313 0.0572911  0.14239553 0.19571152 0.35393554]
30568 [0.02694309 0.03086088 0.08079278 0.08359745 0.5508363 ]
19546 [0.06435411 0.068428   0.07720321 0.0914073  0.10993308]
11029 [0.04612702 0.05026604 0.1060657  0.15065691 0.37586132]
41089 [0.02083587 0.05686936 0.08678318 0.25752246 0.45997   ]
17542 [0.03812495 0.08391476 0.10543676 0.18620254 0.25951505]
36580 [0.04052369 0.04057261 0.08470012 0.16020477 0.42033598]
25057 [0.02438399 0.03042237 0.03517045 0.04151066 0.62437683]
40588 [0.03711647 0.06159737 0.07465305 0.16112623 0.33542538]
31570 [0.05634879 0.08271802 0.08483652 0.10568441 0.11360645]
6520 [0.05535353 0.05818513 0.08428821 0.11888255 0.12395392]
11029 [0.02524234 0.02970785 0.03180153 0.04324879 0.5988394 ]
49105 [0.04169951 0.04944526 0.14443305 0.18541734 0.28561252]
28564 [0.05850387 0.06845701 0.07097213 0.08538259 0.15280272]
46600 [0.04440523 0.06858674 0.07548917 0.07946782 0.30338234]
37081 [0.03253151 0.03924668 0.04329816 0.04799375 0.06491118]
24055 [0.00942065 0.02076222 0.02166373 0.32316926 0.45492014]
39085 [0.05657133 0.06217378 0.07840965 0.08154798 0.39049968]
39085 [0.00346767 0.00705172 0.01385735 0.06827106 0.8990171 ]
34576 [0.01526629 0.01750709 0.02122741 0.03585055 0.8009318 ]
23053 [0.04261227 0.06777047 0.11069944 0.14002918 0.14826676]
17041 [0.06985084 0.07454783 0.11652165 0.14635788 0.15498993]
24055 [0.03835389 0.06839224 0.07274722 0.11225459 0.4313434 ]
6019 [0.07050326 0.07703227 0.08190019 0.09124297 0.09269875]
43594 [0.06541701 0.06623233 0.07171298 0.09880841 0.22078791]
16039 [0.0437613  0.05147311 0.07559786 0.0799032  0.09280591]
36079 [0.0467488  0.04744488 0.08333144 0.0863423  0.2439568 ]
50107 [0.00330979 0.00399446 0.00602178 0.00848418 0.93655646]
34075 [0.02623105 0.03627536 0.04408314 0.06798971 0.6733062 ]
21550 [0.05311231 0.06218502 0.06250651 0.07082848 0.14463815]
39586 [0.04225981 0.05245168 0.05292465 0.05441383 0.4322018 ]
23554 [0.03940617 0.04294574 0.05286007 0.1042043  0.15176466]
41590 [0.03855415 0.06210032 0.06930571 0.12085435 0.14374122]
34576 [0.02546963 0.02738875 0.03779844 0.13735053 0.34147885]
20047 [0.02123114 0.04486554 0.06839616 0.12910293 0.465683  ]
20047 [8.8972040e-04 4.1952236e-03 1.3920808e-02 1.5522365e-02 9.5908457e-01]
39586 [0.02336544 0.03123801 0.05157203 0.1864056  0.4915168 ]
6520 [0.01562537 0.02204488 0.03609136 0.05352802 0.67367095]
38083 [0.02690743 0.02723201 0.04049521 0.06835473 0.6603271 ]
46600 [0.07211407 0.08479161 0.14437631 0.14748736 0.37861222]
21049 [0.03634342 0.0396347  0.05099563 0.06069851 0.3042977 ]
49105 [0.0223654  0.02403546 0.03934845 0.15876295 0.4794002 ]
38083 [0.02784928 0.02913119 0.1375264  0.28163955 0.29972428]
7522 [0.03134634 0.0333696  0.03914154 0.13539428 0.18408239]
32071 [0.04311714 0.06623889 0.06670406 0.08355926 0.42083105]
15037 [0.05615104 0.07603823 0.0802894  0.14018193 0.18056935]
42091 [0.05624193 0.0608567  0.10577876 0.12597048 0.14957483]
25558 [0.03031305 0.05266046 0.08529688 0.13415693 0.15298557]
38584 [0.03736656 0.03807821 0.03872862 0.0858689  0.39010367]
24055 [0.04346378 0.09067913 0.1380432  0.21171236 0.23032172]
25057 [0.02357139 0.02635411 0.03347915 0.05059933 0.6615632 ]
5017 [0.02701242 0.05591396 0.0587409  0.20399219 0.28942692]
13534 [0.05897724 0.06610402 0.07998316 0.08136468 0.1476179 ]
26560 [0.03024071 0.04312956 0.05512323 0.07355094 0.17429149]
5017 [0.0559296  0.10492772 0.17002223 0.18510717 0.28695974]
38083 [0.00158259 0.00229473 0.00734218 0.10776903 0.8704407 ]
14536 [0.01049789 0.0171659  0.01897012 0.09859366 0.77040774]
20047 [0.01547524 0.01656073 0.02697519 0.07837219 0.542453  ]
27562 [0.07045124 0.09908458 0.15845302 0.16241325 0.22173932]
34576 [0.02052679 0.0574457  0.05997027 0.1397647  0.37526774]
50107 [0.02074595 0.03056859 0.0533376  0.24708633 0.5264031 ]
5017 [0.06422117 0.11502956 0.11724475 0.13930131 0.23163928]
50176 [None]
49105 [0.03668891 0.03767373 0.05893557 0.07850919 0.09224008]
14035 [0.04568771 0.050625   0.1029476  0.12604049 0.14346856]
40588 [0.00319688 0.00577638 0.00703157 0.09454608 0.8419731 ]
8524 [0.02291134 0.02549113 0.03073395 0.03885678 0.07495818]
37582 [0.01408867 0.02076858 0.02861906 0.03361842 0.822926  ]
23053 [0.05829141 0.06561816 0.16981483 0.17665073 0.24685608]
49105 [0.01936321 0.02134611 0.0293151  0.10329077 0.7141971 ]
46099 [0.04991063 0.08273236 0.09416986 0.12469152 0.16431114]
5017 [0.035009   0.03653101 0.11052446 0.16084097 0.3855145 ]
30568 [0.04732995 0.06194533 0.0899225  0.13162127 0.19566286]
9526 [0.04367521 0.04494641 0.04876594 0.17605743 0.35410187]
23053 [0.04403006 0.0502158  0.07970396 0.11904464 0.2110792 ]
19045 [0.03390885 0.03906149 0.10928639 0.14264973 0.17622638]
12532 [0.04169376 0.04411375 0.04940308 0.05098233 0.21748789]
11029 [0.03987573 0.04082719 0.04172547 0.04712818 0.07402653]
39085 [0.03842365 0.04261559 0.09499321 0.2727251  0.39534935]
14035 [0.05349743 0.06489099 0.08609269 0.18823913 0.19407468]
32572 [0.04399374 0.05367137 0.07084385 0.07113076 0.4539863 ]
18043 [0.06025601 0.06988972 0.08202087 0.08715436 0.11326256]
5017 [0.01905498 0.02075559 0.02406144 0.04070089 0.75211585]
17542 [0.02278928 0.02702288 0.03136747 0.07561618 0.5568608 ]
5017 [0.01695248 0.02013475 0.08566181 0.18975203 0.50827706]
9526 [0.03488666 0.03942387 0.04115494 0.07142591 0.10253907]
37582 [0.00964178 0.00964602 0.01284873 0.17159474 0.7388357 ]
14536 [0.03340236 0.03743289 0.06361759 0.10316556 0.1711135 ]
35578 [0.04642827 0.06942563 0.10844373 0.11755817 0.30760333]
5518 [0.01455848 0.02559034 0.040835   0.26356176 0.39416957]
46099 [0.03163582 0.050454   0.1407451  0.15827279 0.24802022]
46600 [0.07594106 0.0986926  0.11584697 0.13278414 0.1416458 ]
12031 [0.02925935 0.05283551 0.05648022 0.07896803 0.38652351]
34075 [0.05103251 0.11024725 0.11328808 0.14512904 0.15404357]
33574 [0.04469004 0.05247742 0.05773415 0.07948257 0.21965502]
31570 [0.06416757 0.09318864 0.11296804 0.20586856 0.22126256]
16039 [0.04884547 0.05018011 0.05747508 0.08654583 0.11910499]
24055 [0.03464672 0.03979786 0.08713967 0.15570232 0.21247773]
7021 [0.03494775 0.03973135 0.07218741 0.07248805 0.15853047]
26059 [0.03224738 0.03981147 0.04036395 0.06623583 0.13101432]
27061 [0.02207018 0.07319979 0.08783507 0.25589377 0.41174477]
16540 [0.01889551 0.01979727 0.02114916 0.02778131 0.72089577]
29065 [0.01647036 0.01953677 0.02975449 0.07495462 0.54564285]
23053 [0.01310206 0.01927109 0.04009029 0.04482485 0.77949494]
25558 [0.03562739 0.04201114 0.04978921 0.06893712 0.16390914]
41590 [0.02398619 0.02542014 0.02683936 0.05190542 0.6089684 ]
39586 [0.03735543 0.04034088 0.04990871 0.13009578 0.277598  ]
10027 [0.03854365 0.04124481 0.04958382 0.09622126 0.4157803 ]
13534 [0.03743144 0.04219902 0.06215262 0.0669629  0.07124749]
43093 [0.0386045  0.0495898  0.05842632 0.07404596 0.1316367 ]
20548 [0.05255294 0.06583071 0.17663711 0.22118609 0.23556119]
32071 [0.04391858 0.04679983 0.05714923 0.08980672 0.4935457 ]
24055 [0.06121928 0.08547291 0.10337165 0.12881199 0.29934266]
47101 [0.04076544 0.04162134 0.04468768 0.17415978 0.30513278]
33574 [0.04769963 0.04965239 0.05205889 0.2894582  0.38121566]
6520 [0.01104148 0.01752796 0.02242429 0.08776274 0.730302  ]
50107 [0.04027892 0.06060813 0.11221706 0.17552269 0.2937689 ]
7522 [0.00691044 0.02258338 0.02854669 0.12232646 0.74815005]
13033 [0.04191029 0.056967   0.07320426 0.12902044 0.2170119 ]
45598 [0.04388589 0.05390268 0.14733428 0.14885195 0.17728335]
24055 [0.03725774 0.04471266 0.04496654 0.05003314 0.14377399]
39085 [0.02561522 0.04607102 0.09464236 0.25605395 0.421641  ]
25057 [0.05385432 0.06599748 0.096007   0.11162612 0.32304555]
50107 [0.03510224 0.04486173 0.10223262 0.12167072 0.39885578]
18043 [0.01572046 0.01621242 0.03505324 0.3946112  0.41985276]
22051 [0.05453964 0.06559748 0.07216453 0.07695293 0.07815857]
16540 [0.06499394 0.07859004 0.09714168 0.20970921 0.38419694]
15037 [0.00478975 0.00969096 0.01763147 0.26789388 0.65785694]
5017 [0.02012774 0.03395434 0.10738537 0.24097803 0.49623486]
43093 [0.04325045 0.07300083 0.09989589 0.1468946  0.31797755]
6019 [0.0285834  0.04067785 0.04569422 0.14728628 0.5409807 ]
43594 [0.00940054 0.02090933 0.02210266 0.04848538 0.7113774 ]
9526 [0.02936902 0.03240377 0.03347209 0.37023017 0.3948732 ]
31069 [0.06121283 0.08144414 0.08428854 0.13986205 0.17482255]
13534 [0.05403125 0.05683028 0.09401808 0.13551405 0.4641403 ]
34576 [0.00174505 0.00320046 0.00389078 0.00739444 0.96995026]
19546 [0.02738913 0.02913818 0.05341044 0.30707753 0.3716365 ]
29065 [0.01242087 0.02021359 0.0382223  0.26307267 0.48276863]
25057 [0.05178675 0.05326153 0.05772961 0.06777824 0.1260487 ]
5518 [0.00961205 0.0127371  0.01402923 0.03504926 0.8365127 ]
45598 [0.04926959 0.05188162 0.05883025 0.09941584 0.48679492]
7522 [0.0607843  0.0721598  0.07309894 0.127163   0.15369153]
8023 [0.0119173  0.02770839 0.02801898 0.2959538  0.48861682]
26059 [0.02113133 0.02323348 0.0237786  0.02853197 0.537672  ]
42091 [0.01010464 0.03864106 0.05691868 0.08001614 0.7277369 ]
15538 [0.03465545 0.03691711 0.06032754 0.11867268 0.13983266]
49606 [0.05147159 0.0586349  0.06506355 0.07802825 0.09516457]
46600 [0.04328354 0.05312398 0.05457295 0.05599768 0.07647949]
20548 [0.03029411 0.04366309 0.11825924 0.14194122 0.21073979]
11530 [0.04670122 0.04739275 0.07157327 0.09805211 0.2714208 ]
15037 [0.04978805 0.05059921 0.05708321 0.19807425 0.31195295]
21049 [0.04715952 0.05181547 0.0520834  0.07761818 0.17974643]
9025 [0.05733571 0.07272492 0.08493417 0.14254202 0.18885477]
31069 [0.03713351 0.05571391 0.10344649 0.16314928 0.23106094]
19546 [0.0281968  0.05226978 0.06252599 0.06851149 0.52897394]
41089 [0.03071205 0.06391851 0.12552048 0.2344242  0.29001576]
50107 [0.02772322 0.04050225 0.12886831 0.13968633 0.2866686 ]
9025 [0.02546201 0.04334801 0.09855627 0.10839195 0.33812535]
9025 [0.04698653 0.05385903 0.05708439 0.16381592 0.2534899 ]
5017 [0.02337138 0.02386235 0.05374746 0.08145123 0.31874108]
34075 [0.05919532 0.06338973 0.0643671  0.13808429 0.25799587]
19045 [0.02470323 0.05154589 0.05628942 0.16502151 0.37946385]
29566 [0.00451525 0.00523157 0.00540048 0.00831327 0.9508128 ]
11029 [0.04857872 0.0538686  0.0904424  0.15788877 0.5069362 ]
23554 [0.04266339 0.0535254  0.08261164 0.22039711 0.37966868]
44095 [0.05510755 0.06698135 0.10037988 0.12140942 0.32257098]
8524 [0.02879049 0.03466972 0.0347033  0.06224201 0.30689654]
38083 [0.03859232 0.07988839 0.08214683 0.12428739 0.1672192 ]
5017 [0.04338451 0.05129839 0.05443358 0.05758493 0.07285299]
19045 [0.01879858 0.01930126 0.02141486 0.07989942 0.7391931 ]
5017 [0.02699799 0.04592129 0.0492482  0.06556536 0.39488313]
41089 [0.05149367 0.06154574 0.09315597 0.14711672 0.17655069]
37582 [0.04482642 0.05766466 0.11204837 0.1148809  0.2616215 ]
33073 [0.04584891 0.11757812 0.12299962 0.1555831  0.21084104]
7522 [0.03329292 0.03755317 0.05149851 0.08369184 0.12255479]
44095 [0.04420989 0.0489237  0.09239933 0.09731106 0.39407718]
5017 [0.02327004 0.03909711 0.0760563  0.3228186  0.4174935 ]
24556 [0.04028952 0.06137811 0.11449872 0.17691307 0.27055246]
20047 [0.06163219 0.07102202 0.08664403 0.1142769  0.12949814]
46099 [0.02963349 0.07698373 0.10610188 0.10825772 0.45340753]
41089 [0.03486028 0.03707444 0.05807188 0.19261977 0.21427143]
30568 [0.04381552 0.04771126 0.10906702 0.1367785  0.14061709]
19045 [0.01976333 0.04880798 0.0573709  0.11227322 0.51101273]
41590 [0.07446474 0.07787883 0.08640046 0.10294977 0.10926855]
32071 [0.03335125 0.04424373 0.06421258 0.12547262 0.23713301]
23554 [0.05706985 0.08124724 0.13215806 0.15862355 0.17051613]
35077 [0.00835342 0.02705001 0.09628576 0.18475948 0.62679714]
45598 [0.04564756 0.05537529 0.06161374 0.06821422 0.07406554]
33073 [0.03707973 0.04603105 0.06935582 0.08773211 0.6257432 ]
33073 [0.05146538 0.06252841 0.1145993  0.14260685 0.19105558]
9025 [0.05563435 0.06315207 0.06571399 0.10081479 0.14909354]
21550 [0.04078468 0.04547205 0.0703316  0.082363   0.2883952 ]
20047 [0.05781198 0.0729292  0.0815507  0.1180193  0.1436779 ]
25057 [0.02094896 0.05314544 0.086062   0.09187315 0.40739065]
26059 [0.03032785 0.03532019 0.03807558 0.11777595 0.2680733 ]
20548 [0.01171258 0.02311391 0.02368555 0.0339598  0.83708024]
5518 [0.05154588 0.06802014 0.11583973 0.11797441 0.17932577]
5017 [0.05151226 0.05397945 0.06848692 0.1345634  0.17162691]
44095 [0.02368815 0.0296316  0.03214729 0.2843952  0.47716475]
31069 [0.00822142 0.03409749 0.08619465 0.21013677 0.55769795]
47602 [0.04598468 0.04738301 0.07944049 0.15334958 0.1734068 ]
31570 [0.02958396 0.03765871 0.0506888  0.12073518 0.382852  ]
13033 [0.02511167 0.02957496 0.04169294 0.04655098 0.789792  ]
13534 [0.02858739 0.03082941 0.04518964 0.17631114 0.4554309 ]
39586 [0.04168725 0.05399202 0.12602353 0.13706307 0.14685135]
49105 [0.02693874 0.02716972 0.02832296 0.031024   0.22582832]
29065 [0.04682321 0.05187682 0.07054446 0.10360241 0.18998186]
26059 [0.02677531 0.03605026 0.05068893 0.1943439  0.46914956]
11029 [0.02638076 0.02719269 0.03062315 0.03441769 0.43011802]
42592 [0.04883541 0.062774   0.11850736 0.23011889 0.2458787 ]
38083 [0.04955185 0.05394116 0.06100117 0.06751435 0.29668856]
44095 [0.02200721 0.05174509 0.12779132 0.17404498 0.36991504]
8023 [0.05003836 0.05545446 0.06314223 0.09861317 0.12677738]
30067 [0.02530228 0.02712217 0.0278931  0.05866132 0.21109279]
30568 [0.04738972 0.05234767 0.0582116  0.07000878 0.17904507]
37081 [0.01161625 0.01166216 0.01549865 0.04343322 0.72137636]
17542 [0.01975196 0.02224229 0.0339303  0.06597041 0.7495863 ]
14035 [0.05607999 0.08363962 0.08983505 0.17935416 0.1954338 ]
5017 [0.01533177 0.01829314 0.02397587 0.05445315 0.7979876 ]
38584 [0.06387957 0.06446297 0.08417336 0.11408854 0.14260863]
28063 [0.0883154  0.09424725 0.0958257  0.1750038  0.19205621]
20047 [0.03013106 0.05414554 0.07957597 0.08173324 0.08377989]
50107 [0.00627527 0.00683702 0.00840852 0.04934839 0.89061004]
12532 [0.00955318 0.01150081 0.01788219 0.30413416 0.6056043 ]
5518 [0.02765601 0.03615281 0.04586891 0.17131265 0.18556218]
5017 [0.01382047 0.01488292 0.01898007 0.02972982 0.83683467]
5017 [0.06350209 0.07205667 0.0790984  0.16220188 0.29979977]
21049 [0.03845849 0.04376547 0.04543859 0.05338406 0.08331013]
24055 [0.03992818 0.05240062 0.07132753 0.07147993 0.16600914]
10528 [0.02221888 0.02544841 0.03533344 0.05075013 0.7329506 ]
5017 [0.01877808 0.02595097 0.03274208 0.07905011 0.5663134 ]
11029 [0.03392965 0.04709464 0.05033165 0.09377582 0.21781565]
8524 [0.02850748 0.03204907 0.03315518 0.06039669 0.2922376 ]
8023 [0.0703022  0.07732239 0.08012429 0.14272173 0.15533128]
7522 [0.06081427 0.0653683  0.07103509 0.15377142 0.3466499 ]
47101 [0.03818842 0.05822855 0.05945684 0.093559   0.1788874 ]
33073 [0.02249923 0.03204615 0.06438382 0.14018477 0.465101  ]
24556 [0.03298665 0.03485342 0.05242    0.2540283  0.30554876]
49105 [0.04378295 0.04510639 0.11657618 0.20992981 0.39697278]
18043 [0.05363918 0.05921302 0.0903533  0.12033287 0.12857345]
5017 [0.04059448 0.05570545 0.13786186 0.15807432 0.22218637]
34576 [0.05751426 0.0764062  0.092916   0.169636   0.28972176]
11029 [0.02502972 0.03149917 0.05373663 0.05642895 0.13872361]
9025 [0.03249575 0.06821407 0.07209508 0.08360735 0.3263607 ]
45097 [0.05339143 0.06070658 0.067234   0.13111946 0.13931887]
42091 [0.04077342 0.0464863  0.09715205 0.21185404 0.26044428]
5017 [0.04443543 0.04570908 0.06574745 0.09493925 0.24142233]
48604 [0.05095458 0.06135524 0.08094962 0.13291971 0.276757  ]
46099 [0.05509727 0.06788241 0.08203693 0.09012318 0.0909389 ]
49606 [0.05409159 0.05537502 0.08430547 0.1013713  0.11979961]
41590 [0.05318042 0.05767932 0.0721613  0.12660125 0.15087199]
49606 [0.04671524 0.09855956 0.16461165 0.21488434 0.2165026 ]
28063 [0.05479776 0.06980398 0.09180312 0.11387695 0.16509551]
49105 [0.03517094 0.04054641 0.05895643 0.06751799 0.17193016]
41089 [0.03864611 0.03953784 0.04038507 0.0537409  0.40417767]
45097 [0.05660427 0.0667119  0.1095084  0.11091067 0.12171134]
15538 [0.00505912 0.00512582 0.00770643 0.01027935 0.9131174 ]
11029 [0.02738667 0.04261208 0.07985309 0.1504877  0.44153374]
10528 [0.03420595 0.05078307 0.05127928 0.11552068 0.1908424 ]
23554 [0.04255749 0.04731107 0.05124496 0.1421168  0.37020582]
46600 [0.02864985 0.02935031 0.03162622 0.06098852 0.13299856]
26059 [0.01174289 0.01590222 0.02613918 0.03174355 0.7660189 ]
11029 [0.03744731 0.04257664 0.05688491 0.06318217 0.09409852]
13534 [0.05694832 0.05817094 0.05867866 0.05936647 0.06776121]
41590 [0.04175122 0.05341636 0.05956275 0.10694449 0.4846939 ]
30067 [0.04830074 0.05442009 0.06464586 0.10261244 0.38491392]
28063 [0.01231903 0.02014848 0.02247708 0.25069916 0.55767643]
41590 [0.01519462 0.02560861 0.03439954 0.05607221 0.7108984 ]
10027 [0.01458101 0.01644789 0.03416961 0.14509481 0.3945361 ]
13534 [0.04202045 0.05496386 0.0731267  0.08525229 0.26080856]
23053 [0.04049762 0.04098779 0.04102334 0.17993492 0.20368077]
50107 [0.02266467 0.12505423 0.16801411 0.19599183 0.39257196]
21049 [0.04747343 0.06096215 0.06954689 0.11140346 0.1513852 ]
46099 [0.03806566 0.03879429 0.0635859  0.09652063 0.19366775]
8524 [0.03854302 0.04043645 0.08662263 0.1209441  0.16943534]
49105 [0.02603459 0.0283067  0.03387477 0.04256392 0.38923517]
46099 [0.04839705 0.08866892 0.11177868 0.11434487 0.33270437]
10027 [0.04163361 0.06100694 0.06914496 0.16913939 0.30995685]
44596 [0.05500731 0.06556501 0.11977109 0.13280101 0.3279355 ]
47602 [0.03991802 0.04386021 0.04946969 0.09419493 0.18802695]
38083 [0.07137152 0.10196741 0.11615861 0.13634874 0.20587711]
19045 [0.02425671 0.02475907 0.04701935 0.09807494 0.402479  ]
49105 [0.0491274  0.05439448 0.10020268 0.10068201 0.18029381]
15538 [0.03204713 0.08089098 0.15461881 0.18241097 0.23921672]
10528 [0.03865052 0.04106292 0.04761234 0.10003679 0.31750357]
9025 [0.02994813 0.0313645  0.03972927 0.11204464 0.21698865]
40087 [0.03317828 0.03533946 0.08328952 0.10431167 0.43745512]
12532 [0.05795413 0.0622808  0.06670181 0.17109133 0.17973225]
29566 [0.03886917 0.06239988 0.09684695 0.10810757 0.18065941]
36079 [0.04354843 0.05410529 0.07282571 0.07909878 0.26610103]
35077 [0.05666628 0.06398374 0.07651733 0.08351143 0.12854487]
36079 [0.01221629 0.01322972 0.02588459 0.03002948 0.7703882 ]
15538 [5.4738397e-04 6.4463739e-04 6.7729462e-04 1.7619862e-03 9.8737526e-01]
37582 [0.03038212 0.0360478  0.03963761 0.06433945 0.15319732]
7021 [0.02634537 0.04001353 0.04251468 0.06479731 0.3906841 ]
25057 [0.03591367 0.12763959 0.1427884  0.1492066  0.16233073]
48604 [0.06630357 0.0855074  0.11748727 0.1320873  0.23847066]
11530 [0.0586635  0.07239079 0.09254289 0.1126067  0.14999205]
5017 [0.04975945 0.05121561 0.17537473 0.19292969 0.2725856 ]
32572 [0.01229723 0.01566958 0.02023712 0.04624489 0.8544441 ]
32572 [0.02367994 0.03526415 0.05446588 0.22367005 0.37575114]
46099 [0.05667141 0.05972658 0.07728878 0.3035733  0.4070198 ]
30067 [0.04989855 0.05541743 0.08647957 0.1645916  0.18882653]
5017 [0.03179765 0.06352472 0.11182755 0.21568567 0.4388279 ]
46099 [0.06286127 0.08882979 0.12524547 0.13316783 0.16689104]
47101 [0.04794713 0.05504259 0.08426726 0.13073194 0.16955799]
28063 [0.02869479 0.03502642 0.07202198 0.1057419  0.30392665]
5017 [0.00688548 0.00803517 0.01027362 0.08387857 0.8372892 ]
5518 [0.00880133 0.00911709 0.01367748 0.01498146 0.8553618 ]
35077 [0.01543755 0.05530716 0.07908978 0.37102604 0.38634914]
29065 [0.07513078 0.09628471 0.129587   0.15800129 0.17661215]
46099 [0.05528577 0.05941078 0.06191984 0.10464121 0.14812528]
6019 [0.03107684 0.06397888 0.10341115 0.16466676 0.23044427]
18043 [0.02956364 0.06327835 0.13615796 0.14958449 0.2390171 ]
34576 [0.04507386 0.04836199 0.04880928 0.05937883 0.2609566 ]
5017 [0.04957721 0.05656768 0.06348119 0.16747731 0.32863158]
5017 [0.01035229 0.01443268 0.0163658  0.02650558 0.8205497 ]
5518 [0.01615885 0.02046301 0.03029878 0.05199929 0.5926381 ]
23554 [0.0214405  0.0289738  0.0752314  0.1437656  0.53100497]
26560 [0.03541907 0.04083095 0.04267738 0.07026178 0.2835625 ]
24556 [0.01177323 0.01627691 0.01917157 0.38624823 0.47650325]
31570 [0.05562088 0.1254382  0.14615713 0.1485269  0.1982493 ]
5017 [0.03634086 0.04750989 0.07214488 0.08297381 0.49590483]
27562 [0.01992978 0.02903174 0.05044157 0.05808154 0.5351493 ]
34576 [0.04079928 0.09214026 0.10300921 0.12807606 0.24186018]
27562 [0.01392466 0.03056988 0.04107743 0.29130748 0.5184448 ]
43093 [0.01321693 0.01468199 0.02525523 0.30590886 0.41704145]
20548 [0.05673264 0.06102018 0.09347067 0.204966   0.35051423]
22051 [0.04484539 0.04504985 0.06143508 0.07167611 0.12116802]
49105 [0.02399252 0.09819544 0.1461086  0.27256384 0.39689174]
40087 [0.03111819 0.03736752 0.04724904 0.04741415 0.4449849 ]
6019 [0.04935    0.05196583 0.05417064 0.06949743 0.13947354]
5518 [0.04088948 0.05552948 0.07421883 0.09108154 0.15671864]
15037 [0.04465675 0.04869283 0.05649332 0.07101605 0.14618705]
14035 [0.02086956 0.02249712 0.02298626 0.03055489 0.7746195 ]
24556 [0.07588082 0.07607668 0.07788131 0.08091877 0.08285912]
24556 [0.01015429 0.01478171 0.03885519 0.12697841 0.7321731 ]
5017 [0.01461082 0.03193441 0.05513074 0.08330484 0.4441468 ]
47602 [0.01192806 0.0121459  0.01217677 0.01352993 0.8648856 ]
16039 [0.0385021  0.04603345 0.0599468  0.10015923 0.20272838]
10528 [0.02836114 0.03303532 0.05571596 0.09189247 0.2718683 ]
21550 [0.00600022 0.0112296  0.01402012 0.01486323 0.8441236 ]
5017 [0.04646689 0.08607689 0.10490407 0.12079877 0.2215967 ]
33574 [0.06501693 0.09826162 0.13404156 0.17340662 0.22383863]
6520 [0.03056486 0.03132327 0.03233254 0.03508278 0.44042706]
6019 [0.0342439  0.03594705 0.03665335 0.0864011  0.0899535 ]
12532 [0.02566889 0.03375389 0.04465593 0.17625606 0.31908333]
10528 [0.07761144 0.07886342 0.09367934 0.09524391 0.18411678]
5017 [0.01108657 0.01143463 0.03509023 0.41095373 0.5095007 ]
39586 [0.03721524 0.03807151 0.0492041  0.06625146 0.50217   ]
5518 [0.05222308 0.05581338 0.05979171 0.08575662 0.2290462 ]
8524 [0.05439903 0.06061963 0.15179941 0.17231977 0.4113821 ]
40087 [0.07100852 0.07251781 0.10574953 0.21681784 0.313789  ]
36580 [0.08196992 0.0912598  0.10864979 0.12529211 0.14353718]
22552 [0.06643263 0.07337268 0.07507176 0.15333696 0.28446448]
20047 [0.03814204 0.04473265 0.05272203 0.15801886 0.24144535]
22051 [0.02235318 0.02420148 0.0259364  0.05060234 0.60881656]
35077 [0.02726919 0.02981785 0.09005567 0.09367881 0.5044918 ]
23053 [0.05574178 0.06167927 0.07047554 0.08431372 0.17330188]
46600 [0.03280251 0.0652168  0.07515577 0.09156453 0.62499946]
43594 [0.03690991 0.04161437 0.05211653 0.211436   0.29303628]
9025 [0.05230326 0.06426325 0.06636588 0.09264597 0.16725378]
30568 [0.01074009 0.02405989 0.06126859 0.19368313 0.65872204]
39085 [0.0433866  0.06474914 0.0754614  0.26954862 0.3070218 ]
35578 [0.00511154 0.00610047 0.00614341 0.0898555  0.83278686]
6520 [0.04665002 0.08131716 0.09958541 0.10341921 0.15950625]
30067 [0.01345023 0.01659549 0.02948353 0.03234342 0.6251894 ]
46600 [0.00820948 0.01251695 0.0227532  0.02727791 0.90724957]
39586 [0.06249201 0.06565046 0.06718527 0.06758377 0.14362727]
48604 [0.06805973 0.07764516 0.0880613  0.11062925 0.28755805]
28564 [0.01112527 0.01582262 0.01856854 0.02100803 0.8550491 ]
37081 [0.04568423 0.04844805 0.04862979 0.09152948 0.12889397]
48103 [0.03063212 0.04712189 0.0904808  0.11084406 0.3483836 ]
49105 [0.03420086 0.04232133 0.0743659  0.08310575 0.14238343]
25558 [0.03129322 0.03306488 0.05273491 0.0794728  0.16730264]
26560 [0.00692515 0.01064807 0.01743865 0.04691948 0.83012336]
37582 [0.04346679 0.05448144 0.06144737 0.0646487  0.06635313]
5017 [0.02972269 0.03211289 0.05041456 0.11581296 0.37066936]
21550 [0.03646947 0.05193243 0.07449314 0.09431833 0.31099045]
21049 [0.02255237 0.04772348 0.102346   0.11566426 0.466324  ]
18043 [0.05168181 0.06277463 0.07330406 0.08289049 0.20851578]
39586 [0.03460475 0.05113861 0.06166764 0.12592983 0.2945612 ]
29065 [0.05341209 0.09680688 0.14618154 0.18866472 0.2072719 ]
40588 [0.00942303 0.01017134 0.0167009  0.02391102 0.8706994 ]
46099 [0.04774812 0.06478521 0.12368998 0.13144685 0.19950114]
44095 [0.0356539  0.0391997  0.09117811 0.09272009 0.13155882]
28564 [0.06120364 0.06841581 0.09675635 0.14880514 0.1504147 ]
43093 [0.01221894 0.01846635 0.05508596 0.32040185 0.400316  ]
28564 [0.07429142 0.0842162  0.11100022 0.1987635  0.31460968]
5017 [0.04588055 0.05541946 0.08691413 0.11486756 0.14151916]
6019 [0.03464451 0.04280836 0.04985566 0.13728186 0.29496768]
26059 [0.01550213 0.01822209 0.07324345 0.19351    0.59462035]
17542 [0.0156321  0.02758701 0.03201065 0.07244626 0.71003944]
26059 [0.03734034 0.0395578  0.06533763 0.18544409 0.22600473]
6520 [0.02667508 0.02799287 0.03196101 0.04917512 0.52955455]
41590 [0.03352921 0.03855966 0.05032663 0.05438805 0.4814713 ]
41590 [0.05197392 0.05737883 0.06302217 0.0697073  0.49611017]
24556 [0.03967335 0.0407006  0.04343669 0.12282163 0.44976744]
32071 [0.04511147 0.05136776 0.06841008 0.13000359 0.14817525]
6019 [0.03067307 0.06915781 0.10743033 0.10971455 0.11565677]
42592 [0.02646319 0.02663437 0.03021353 0.06818158 0.69411576]
50107 [0.06350114 0.09732519 0.1355456  0.13972922 0.35465613]
22552 [0.02442129 0.03757209 0.04844704 0.05269632 0.21584637]
12532 [0.01751225 0.01814901 0.03514501 0.2831568  0.39059693]
13534 [0.01093897 0.01292082 0.0204952  0.03762412 0.7069383 ]
50107 [0.01292046 0.04379269 0.04507496 0.31519672 0.52406615]
22552 [0.04464582 0.07805079 0.0915142  0.14300492 0.21124642]
35077 [0.04086511 0.05576715 0.06857439 0.09236599 0.19960189]
28063 [0.04960346 0.05075348 0.05806608 0.08911447 0.1275867 ]
10528 [0.04723674 0.04856201 0.08277429 0.13099562 0.28597233]
35077 [0.00482792 0.00536181 0.01400137 0.04778497 0.8507676 ]
29566 [0.03966601 0.04008332 0.04138249 0.07661305 0.72210866]
33574 [0.09539728 0.11257345 0.11892759 0.19874272 0.20503819]
39085 [0.01851097 0.02024659 0.02504248 0.03220564 0.721271  ]
46600 [0.04804892 0.05477687 0.11708076 0.1678202  0.3026675 ]
26059 [0.04986979 0.0552954  0.07073385 0.08122463 0.1329971 ]
32071 [0.02786543 0.0536576  0.07371688 0.10090155 0.5033106 ]
23554 [0.02775672 0.04231515 0.06760897 0.22189511 0.33015075]
25057 [0.06332143 0.07089553 0.08856796 0.13858345 0.30385533]
25057 [0.0342749  0.03947738 0.04631613 0.24806716 0.28852937]
39085 [0.04613037 0.04871415 0.05444445 0.06033128 0.07508152]
6019 [0.05935699 0.07520183 0.07840894 0.08098196 0.39060044]
5017 [0.03955017 0.05579529 0.06335085 0.07339386 0.13305306]
49105 [0.06831784 0.06903112 0.10166745 0.13579825 0.17718102]
26059 [0.02528358 0.03194568 0.16755445 0.21859808 0.27269623]
31570 [0.0368747  0.04540931 0.05406769 0.10283687 0.3930829 ]
44596 [0.0287335  0.03815581 0.06843005 0.07787281 0.52433604]
28564 [0.05020341 0.07098637 0.08126435 0.10696412 0.3690732 ]
21049 [0.04421279 0.04445026 0.07297372 0.09465303 0.4112246 ]
10027 [0.03628553 0.03809619 0.04119656 0.0455685  0.04702646]
5017 [0.00668761 0.01134039 0.01840743 0.1132959  0.80459857]
15037 [0.0375857  0.04801902 0.05402468 0.0567164  0.1388938 ]
17041 [0.03392867 0.037117   0.03871795 0.0528179  0.13692306]
21550 [0.02631729 0.04450446 0.05203301 0.07915458 0.13854368]
50107 [0.0595462  0.07802829 0.1632787  0.19621997 0.38517755]
49105 [0.03151964 0.03467566 0.03695125 0.11605065 0.46629465]
13033 [0.00184802 0.00211791 0.00253342 0.0040564  0.98121786]
15037 [0.00947953 0.01466696 0.02029181 0.03527057 0.82331467]
5017 [0.02421979 0.03123343 0.12906867 0.23053698 0.36818877]
5017 [0.00631563 0.00763008 0.01680361 0.07767699 0.80976796]
18043 [0.08062674 0.08198886 0.08319071 0.08788693 0.17672394]
40588 [0.03262504 0.04394944 0.07492518 0.1016997  0.13739671]
5518 [0.05093883 0.05446769 0.06862548 0.2487812  0.24892765]
6520 [0.03034818 0.03415543 0.03941439 0.04669251 0.05539283]
15538 [0.02275819 0.03333066 0.05328073 0.0766476  0.7111092 ]
20047 [0.02115072 0.02542514 0.03002076 0.08176766 0.5934018 ]
5518 [0.02045864 0.02989909 0.03425938 0.04780528 0.33094063]
12532 [0.05179618 0.05898218 0.07586073 0.07809605 0.19527513]
24556 [0.02886005 0.02928616 0.05994735 0.0605674  0.60546184]
40588 [0.06806609 0.08463234 0.10432208 0.13086966 0.14906582]
40588 [0.03849155 0.0763223  0.078064   0.16394933 0.27679077]
47602 [0.02729857 0.07563783 0.10563719 0.11789806 0.42710257]
49105 [0.06473656 0.07092123 0.08603611 0.09067366 0.15393955]
