12031 [0.03767524 0.04415147 0.04626319 0.10463303 0.19027579]
16540 [0.02783373 0.03248504 0.12383436 0.20653936 0.25572938]
28063 [0.0474926  0.0481512  0.05819986 0.1045704  0.12717111]
28564 [0.03936051 0.04729978 0.0746833  0.12947717 0.1763765 ]
47602 [0.03837582 0.05956314 0.09216701 0.10602552 0.56662446]
17542 [0.02967951 0.05027924 0.08326568 0.09613195 0.41079265]
5518 [0.03095376 0.03462619 0.08175258 0.22476935 0.43376645]
9526 [0.00943843 0.01478421 0.01995501 0.09026582 0.81815916]
8023 [0.04522609 0.04591975 0.05838754 0.10900839 0.12010209]
16540 [0.05068307 0.06202776 0.08120927 0.11348047 0.16542266]
48103 [0.03337218 0.03517429 0.0432393  0.05044956 0.28988463]
34075 [0.04338633 0.05175992 0.0636633  0.10025596 0.15525134]
31069 [0.01833315 0.0241149  0.03194563 0.2554991  0.57305133]
13033 [0.04768072 0.06182071 0.08104308 0.12125247 0.36808512]
45097 [0.02792433 0.04135525 0.07460035 0.09394848 0.38960135]
21550 [0.0208604  0.02277968 0.02814557 0.0508954  0.7839812 ]
48103 [0.00909125 0.01490192 0.03135056 0.03618528 0.86309814]
22051 [0.03781782 0.05329137 0.06277431 0.19414249 0.21611962]
20047 [0.0196459  0.03152159 0.14544623 0.18704003 0.57065564]
30568 [0.0502478  0.05205307 0.05395038 0.08064437 0.2547613 ]
14035 [0.05007044 0.05285421 0.07992249 0.1291642  0.21442777]
11530 [0.05349546 0.0592426  0.0635379  0.13601163 0.28782818]
10528 [0.0179148  0.02054513 0.07155101 0.31326827 0.37133506]
50176 [None]
49606 [0.04179392 0.06061964 0.0644457  0.16016269 0.60304445]
5017 [0.05756224 0.07747086 0.13667686 0.16313817 0.4409148 ]
43093 [0.02785104 0.04754096 0.05939022 0.09604289 0.5595845 ]
5017 [0.03432555 0.03593019 0.03657813 0.05815017 0.4564797 ]
46099 [0.0268027  0.05029398 0.1303401  0.13441536 0.21609016]
5017 [0.01404626 0.01405916 0.01737911 0.08252543 0.4069904 ]
16039 [0.0396124  0.06457374 0.06603027 0.07271391 0.2111458 ]
46099 [0.02250861 0.02742823 0.02918431 0.03918629 0.6454702 ]
34576 [0.01661695 0.0343881  0.07232027 0.12645096 0.6048941 ]
49606 [0.06678392 0.09414208 0.12138426 0.16569646 0.31715828]
13534 [0.07035822 0.11692484 0.14041114 0.173486   0.23204899]
50107 [0.00294504 0.0204165  0.0274928  0.20623314 0.7376708 ]
23053 [0.04234391 0.04818352 0.06874023 0.13102317 0.20774865]
30568 [0.0382362  0.03838794 0.06064487 0.19201002 0.29905498]
13534 [0.01769441 0.02736188 0.03318344 0.07124936 0.43485466]
5017 [0.03015823 0.03303699 0.04210352 0.07180379 0.12889153]
20548 [0.03613724 0.04040613 0.0534513  0.05349095 0.3996427 ]
14536 [0.05233622 0.05242481 0.07286274 0.08187371 0.11488741]
45598 [0.00989312 0.00994578 0.01286254 0.02590338 0.81488675]
16039 [0.05077401 0.05107558 0.05446575 0.06503013 0.07925322]
28564 [0.05195645 0.07068368 0.09457006 0.1601379  0.49683806]
14035 [0.05481739 0.05942171 0.06131532 0.08780394 0.1606078 ]
26059 [0.06055921 0.06497135 0.10478862 0.12447922 0.37000206]
44596 [0.01467862 0.0161097  0.01957891 0.05745147 0.83028764]
16540 [0.01896342 0.02215027 0.0268592  0.02994619 0.6729594 ]
42592 [0.02563301 0.02969404 0.04172677 0.11118343 0.6620374 ]
10027 [0.03479477 0.10569984 0.15525837 0.19138183 0.46944144]
14536 [0.04269802 0.04858078 0.05324066 0.09452819 0.12543778]
31570 [0.0277175  0.02936918 0.03561423 0.07829653 0.4349498 ]
47101 [0.10180488 0.11178413 0.1142272  0.11437228 0.27063128]
5518 [0.05111956 0.05903745 0.09505866 0.11603615 0.25925103]
44596 [0.04181586 0.06261239 0.09323553 0.12257754 0.40638295]
30067 [0.04574588 0.05074141 0.08317532 0.2270713  0.40917066]
19045 [0.04352402 0.04494319 0.05638553 0.26914093 0.41224593]
33073 [0.02748723 0.0312122  0.03425271 0.03520701 0.0476897 ]
10528 [0.0556954  0.06698973 0.08795048 0.11439818 0.12632588]
16540 [0.04572862 0.05202333 0.05739512 0.06342975 0.0793765 ]
5017 [0.00526325 0.04315248 0.06923653 0.35221556 0.49222565]
15037 [0.01150302 0.01646353 0.03164956 0.08404005 0.7699629 ]
34576 [0.00836755 0.05271647 0.10457639 0.14034536 0.68916035]
13534 [0.03632765 0.07171476 0.0721479  0.07417436 0.2823654 ]
11530 [0.03891017 0.04759282 0.06049932 0.12506805 0.3554356 ]
35077 [0.02744847 0.03079963 0.04977579 0.19179493 0.20741893]
38584 [0.08127981 0.09034695 0.09707928 0.23772694 0.26625273]
13033 [0.03750892 0.0383816  0.06867792 0.10791434 0.19666713]
5518 [0.04127799 0.04803683 0.05724878 0.06889589 0.14207001]
39586 [0.00303229 0.00526782 0.02788744 0.31369126 0.6245895 ]
37081 [0.05214182 0.05502948 0.07845647 0.08275188 0.25053653]
38083 [0.01651795 0.01652088 0.02763847 0.2509105  0.5735741 ]
9025 [0.02514129 0.02904846 0.03373606 0.0346342  0.09552472]
7021 [0.01673247 0.04951568 0.04952683 0.07669508 0.31450006]
15037 [0.05066118 0.06585731 0.06693717 0.07746655 0.11547713]
41590 [0.04576705 0.06191272 0.09074572 0.09190651 0.21473685]
21049 [0.03272637 0.04201014 0.0624279  0.08225702 0.3573631 ]
5017 [0.03151502 0.03435317 0.05247335 0.10069805 0.20265548]
41089 [0.03756063 0.05798107 0.06629834 0.20231842 0.27813956]
19045 [0.04041572 0.05633596 0.06239118 0.08373709 0.19024298]
49606 [0.07827525 0.12284316 0.15200558 0.16264252 0.3221597 ]
17041 [0.02502176 0.03819343 0.08929126 0.11654443 0.57313937]
8524 [0.02557168 0.02918133 0.13770969 0.23207694 0.29175672]
19045 [0.01296851 0.0154555  0.02542288 0.03953853 0.7235732 ]
36580 [0.05853613 0.06681524 0.07554231 0.10017503 0.11022981]
16540 [0.0377721  0.04091697 0.05096931 0.07309544 0.35436377]
10528 [0.00500457 0.00864171 0.01144442 0.02874004 0.8769232 ]
28063 [0.02320092 0.02897152 0.0373307  0.09850658 0.47178936]
13033 [0.04811487 0.05283324 0.05297049 0.06429329 0.15973638]
9025 [0.04003869 0.05127118 0.07175072 0.09530269 0.10389496]
22552 [0.04684557 0.05501425 0.05859278 0.17302252 0.29838902]
20548 [0.0288608  0.03676344 0.0428919  0.05490988 0.41662136]
20548 [0.01853108 0.03556016 0.0541635  0.05909404 0.46036994]
11530 [0.02140596 0.0452386  0.11255544 0.2907238  0.295852  ]
46600 [0.04899212 0.04975258 0.1131207  0.14435719 0.14545763]
49606 [0.03907901 0.04595478 0.11501361 0.14458403 0.23208432]
31069 [0.03409993 0.03516031 0.03972748 0.08918694 0.17075498]
25558 [0.03638015 0.04765205 0.05040524 0.07735429 0.4227683 ]
20047 [0.03660915 0.0380279  0.07983597 0.18809745 0.22566508]
8524 [0.03773118 0.03795338 0.05538635 0.05607777 0.52198774]
31069 [0.01518315 0.01525122 0.01666834 0.03192744 0.64821625]
8524 [0.02370529 0.0249086  0.03423561 0.04239266 0.70821136]
13534 [0.03412427 0.12808748 0.14334066 0.18884319 0.23926923]
10528 [0.04894356 0.05762766 0.07886568 0.10612538 0.22614746]
35578 [0.08488438 0.08748224 0.10745969 0.11644676 0.14488137]
21550 [0.06097997 0.06278675 0.06536195 0.06620146 0.08797997]
24556 [0.05031985 0.07475588 0.11903844 0.24866946 0.25609666]
23554 [0.03422559 0.0437662  0.04403453 0.20494515 0.3148415 ]
8524 [0.05382361 0.05656007 0.07839157 0.22750598 0.39132816]
6019 [0.00170907 0.00191241 0.00412693 0.13386545 0.8416656 ]
5518 [0.03845631 0.10771687 0.10818025 0.16692875 0.40408725]
5017 [0.01089103 0.0116073  0.01644609 0.03402614 0.8584322 ]
20047 [0.04737792 0.07784249 0.08270303 0.08497529 0.11387848]
27061 [0.00542066 0.01276574 0.05819097 0.37159675 0.5374284 ]
17041 [0.02981303 0.0496781  0.05502946 0.09408005 0.1103752 ]
47602 [0.06598997 0.07663459 0.09220793 0.1814317  0.20110524]
10528 [0.00957287 0.01063122 0.01067009 0.01738009 0.8794031 ]
31570 [0.0357083  0.0411974  0.07337475 0.13793184 0.36248094]
48604 [0.07391319 0.08745148 0.08774596 0.13930596 0.2544087 ]
37582 [0.03635231 0.05287527 0.12148128 0.22712424 0.23868589]
13033 [0.0409114  0.0504123  0.09862868 0.11458338 0.21913117]
5017 [0.03654206 0.05121863 0.05346582 0.16757464 0.31670818]
41089 [0.01060215 0.01868622 0.12665795 0.21899751 0.55887896]
28564 [0.00763971 0.00918608 0.00945478 0.06270235 0.803313  ]
23554 [0.05660881 0.06020388 0.06253702 0.06932113 0.3663439 ]
19045 [0.03984766 0.04937721 0.05320059 0.0589856  0.16160814]
19045 [0.05097313 0.05957198 0.06506978 0.08236282 0.33280683]
7522 [0.03077533 0.03219944 0.06002957 0.11070207 0.21224687]
36079 [0.0617093  0.09426062 0.11782251 0.1421383  0.30552766]
47602 [0.043175   0.04463806 0.08581242 0.11668541 0.27365887]
5017 [0.06199037 0.07528426 0.08595863 0.13242292 0.22434248]
12031 [0.03376847 0.04157029 0.04401648 0.04743538 0.59219265]
5518 [0.03159281 0.03585141 0.0361373  0.03619585 0.036862  ]
23554 [0.04897327 0.05220491 0.0544884  0.08697462 0.2882497 ]
16039 [0.06239418 0.07902262 0.10194077 0.12360883 0.14755376]
13033 [0.05884985 0.06512339 0.09631661 0.09785745 0.10987497]
47602 [0.04716038 0.07386097 0.08944544 0.1359885  0.37535387]
40588 [0.05501265 0.06366643 0.09273001 0.15167388 0.1961036 ]
8524 [0.01839802 0.0203301  0.02390618 0.31951678 0.3481913 ]
21550 [0.01538217 0.01776237 0.079808   0.1840907  0.6044484 ]
45097 [0.03300151 0.03313704 0.041847   0.04966323 0.1304195 ]
12532 [0.0610384  0.07361422 0.1013054  0.11654077 0.35275835]
5017 [0.00298125 0.00364891 0.00625113 0.04411948 0.9350437 ]
5017 [0.00218987 0.00364762 0.02383111 0.4111084  0.5485354 ]
6019 [0.02274708 0.0227761  0.0331309  0.09340286 0.565974  ]
30568 [0.02514877 0.04750235 0.08124606 0.20859557 0.4222097 ]
5017 [0.03979479 0.04627413 0.0484158  0.05742669 0.4444469 ]
5017 [0.02539811 0.03356771 0.08717511 0.18282023 0.33878723]
31570 [0.01345086 0.01399429 0.0184824  0.07567569 0.7124042 ]
33073 [0.06924006 0.10971853 0.12937683 0.1834162  0.36877584]
26059 [0.05169248 0.06091171 0.06530612 0.09111679 0.12538503]
21049 [0.05669966 0.05788833 0.07170729 0.11310441 0.15358336]
49606 [0.03190366 0.03430578 0.03478914 0.04590441 0.04728614]
23053 [0.03248212 0.04705197 0.04833014 0.09388241 0.15333748]
5017 [0.02025367 0.0438853  0.0862788  0.2621835  0.36706957]
9025 [0.07262471 0.08278175 0.1410225  0.14607367 0.15524405]
30568 [0.00351889 0.00507575 0.00698084 0.1737969  0.7353773 ]
27061 [0.04156078 0.04303514 0.04994659 0.07974291 0.1735832 ]
20548 [0.04220113 0.05358009 0.13795096 0.16857512 0.24232422]
17041 [0.00645834 0.0190681  0.09615802 0.29824424 0.51262444]
46099 [0.05295131 0.06229331 0.07736958 0.09850975 0.38748226]
22051 [0.01978083 0.05316972 0.12071484 0.15987892 0.45242795]
50107 [0.06303053 0.06669609 0.14092578 0.20384865 0.32571223]
48103 [0.0610255  0.0715436  0.07445202 0.07929454 0.0891365 ]
46099 [0.04937352 0.05774193 0.06468375 0.08807047 0.4943635 ]
7021 [0.03521058 0.0637592  0.06385041 0.0742892  0.12068981]
5017 [0.02743132 0.03368793 0.04403173 0.18643086 0.3073948 ]
5017 [0.04433013 0.05060232 0.06548052 0.11705215 0.14345244]
18544 [0.06430259 0.07388814 0.11942871 0.13116477 0.21584477]
50107 [0.11436678 0.12370975 0.12554337 0.13282642 0.16506994]
5017 [0.02496856 0.05835046 0.09819685 0.1032917  0.519187  ]
16039 [0.02281968 0.02526208 0.07378434 0.29358718 0.37683287]
25057 [0.02519136 0.02855353 0.05039807 0.18891934 0.23811574]
21049 [0.055429   0.08068956 0.12629287 0.13440806 0.3321325 ]
27562 [0.01576376 0.02012898 0.04198594 0.08632614 0.71462023]
13033 [0.01837781 0.0332534  0.03388121 0.14150746 0.6742225 ]
15037 [0.06013574 0.0693855  0.0763787  0.07819124 0.34171456]
10027 [0.0499247  0.09690503 0.1030466  0.13826425 0.44234228]
12532 [0.02142562 0.02582043 0.02758338 0.091658   0.6862344 ]
45097 [0.04336723 0.04372992 0.09425174 0.11413448 0.26922822]
9025 [0.03278548 0.04028762 0.06215551 0.10331351 0.21936812]
17542 [0.02648312 0.03473447 0.04763129 0.04934321 0.22210956]
41590 [0.03089958 0.04201972 0.07738176 0.10500994 0.27507374]
15538 [0.04414378 0.04793677 0.05012558 0.05353186 0.10239212]
18544 [0.01257911 0.01403249 0.02145439 0.04258658 0.61841065]
5017 [0.00241996 0.00270845 0.00302053 0.00883828 0.9388323 ]
5518 [0.00761411 0.03406938 0.05611132 0.12317556 0.7275635 ]
11530 [0.02756703 0.03420469 0.03707499 0.13915011 0.6298941 ]
19045 [0.05370218 0.05397835 0.07860502 0.09159247 0.09361666]
12532 [0.08435609 0.08549751 0.12280869 0.1476863  0.15694296]
15037 [0.06397582 0.08737322 0.1169659  0.1178943  0.20107256]
16540 [0.02289734 0.06498028 0.10060292 0.18786483 0.21010065]
11530 [0.04128889 0.08134052 0.08592279 0.17871235 0.28856868]
40588 [0.04524595 0.07291155 0.11241849 0.21029094 0.26843733]
8023 [0.07319576 0.1045622  0.14931934 0.15639953 0.34216258]
5017 [0.02895764 0.03597119 0.04294851 0.23123364 0.42262354]
31069 [0.0450302  0.08387922 0.09379381 0.13420002 0.17141493]
7522 [0.01653612 0.035012   0.03872616 0.17234416 0.544755  ]
12031 [0.04345426 0.04666089 0.06822903 0.08680295 0.29150656]
7522 [0.02514781 0.02885057 0.06313118 0.06758114 0.60292405]
14536 [0.03691201 0.03728988 0.03821156 0.15627106 0.47247684]
38083 [0.02911896 0.04390297 0.04414971 0.10826747 0.12143875]
21049 [0.04672919 0.0473328  0.06149909 0.13782233 0.22709218]
11530 [0.06427645 0.07022731 0.0743757  0.14087792 0.20854688]
13534 [0.03739425 0.04172448 0.0463991  0.08323809 0.2288968 ]
25057 [0.02635718 0.04288944 0.10340442 0.17755829 0.22680098]
5017 [0.00987551 0.01120781 0.01762551 0.02993448 0.8642617 ]
22051 [0.03603909 0.037453   0.06022131 0.08224623 0.2756942 ]
5017 [0.03326761 0.03780369 0.03909396 0.20313425 0.39840996]
10027 [0.01988764 0.02177031 0.08933353 0.12545438 0.62753457]
47602 [0.00369748 0.00482036 0.00663395 0.21007091 0.7602139 ]
19546 [0.0364575  0.05215869 0.06926983 0.09149392 0.18413149]
32572 [0.0361549  0.0384361  0.03886636 0.05248339 0.3759059 ]
27562 [0.04281509 0.06029984 0.10574617 0.2161091  0.41696942]
9025 [0.00558827 0.0268775  0.03205674 0.09727319 0.82490504]
44596 [0.04416389 0.05310686 0.06249642 0.06815182 0.28321323]
5017 [0.0416763  0.05531915 0.0676878  0.12319773 0.24649782]
43594 [0.03692678 0.03866356 0.04035236 0.04195713 0.06142991]
50107 [0.04757546 0.04947369 0.10289175 0.14211836 0.14278471]
11029 [0.02943324 0.03140004 0.10282776 0.19104348 0.34959984]
6019 [0.03944633 0.04416606 0.06127048 0.07107211 0.08090238]
17041 [0.04098694 0.06425352 0.10256801 0.1168642  0.14637227]
5017 [0.04893639 0.05128942 0.08083834 0.18270057 0.20582584]
16039 [0.04761161 0.06358858 0.07038648 0.08185128 0.6154973 ]
50107 [0.02522478 0.02711895 0.04119036 0.06301142 0.6687893 ]
49606 [0.05589447 0.06833248 0.0690231  0.07077387 0.14470877]
5017 [0.03510625 0.03585589 0.04953099 0.05223797 0.67845905]
28063 [0.02540618 0.03100206 0.03274297 0.03417461 0.4641008 ]
9526 [0.02038244 0.04051964 0.04510665 0.04845003 0.31943282]
15037 [0.06706095 0.0758786  0.08466911 0.09447514 0.21653166]
22552 [0.00961755 0.01218755 0.01926905 0.04088689 0.82710725]
23053 [0.01604641 0.02714201 0.03289235 0.04279282 0.67308474]
5017 [0.0517708  0.06375355 0.08922783 0.11779411 0.3361744 ]
15037 [0.03987126 0.0588676  0.06817588 0.09436245 0.19294564]
10528 [0.01396209 0.01777272 0.02243355 0.39974958 0.4716467 ]
27562 [0.04139162 0.04348959 0.04503212 0.05558838 0.17108224]
30568 [0.03049813 0.05041261 0.10489457 0.17031105 0.20002793]
9025 [0.06143002 0.08097968 0.08403358 0.09679233 0.1404618 ]
15538 [0.06426965 0.07507401 0.1484308  0.1718661  0.22446927]
23053 [0.05417093 0.0646284  0.13628517 0.14245805 0.21923867]
43093 [0.01282818 0.01838855 0.11329623 0.31816378 0.37673038]
13534 [0.03690888 0.04685312 0.04965784 0.0855805  0.6677477 ]
12031 [0.02236694 0.02298504 0.09008192 0.16202503 0.18989302]
27061 [5.3590913e-05 8.4982290e-05 8.5872343e-05 5.7632755e-04 9.9898988e-01]
16039 [0.04781151 0.05004405 0.07265384 0.11751524 0.36566722]
49105 [0.05727812 0.0722472  0.08543918 0.11267093 0.14029212]
5017 [0.02918997 0.03396267 0.06143813 0.11354538 0.51244336]
24055 [0.01447672 0.01704681 0.10182308 0.15086986 0.335119  ]
23053 [0.02663991 0.03393688 0.05114364 0.12591004 0.14689831]
6520 [0.04428837 0.06689003 0.08580875 0.11214243 0.2800532 ]
28564 [0.01297964 0.01888038 0.02700616 0.04087187 0.7684243 ]
17542 [0.05123407 0.05488709 0.08359493 0.11429942 0.13103756]
9025 [0.03116967 0.03880807 0.09515862 0.14916995 0.17649812]
43093 [0.05357262 0.06264534 0.12022945 0.27529773 0.32469818]
12532 [0.05158769 0.07619395 0.09137303 0.16346863 0.1757672 ]
28063 [0.02143921 0.02148949 0.07337929 0.15402545 0.6492306 ]
11530 [0.05357227 0.06352801 0.07917476 0.1677556  0.19836597]
25558 [0.04940682 0.0518317  0.07372759 0.09106659 0.36479548]
21550 [0.0244214  0.05363035 0.07378894 0.17714794 0.61296314]
12532 [0.02609536 0.0344158  0.03723592 0.33543763 0.3725093 ]
47602 [0.03154377 0.0462952  0.07195125 0.13244034 0.36557668]
8023 [0.03983669 0.04838273 0.07780081 0.10499505 0.20157233]
15538 [0.00664373 0.00820743 0.05330734 0.08276971 0.8157392 ]
14035 [0.02986329 0.04129533 0.07416923 0.07454543 0.41704303]
27061 [0.05843113 0.06977157 0.0865994  0.09768376 0.1058143 ]
10027 [0.04749721 0.06534293 0.07660329 0.12790218 0.12815322]
6019 [0.02715138 0.04781942 0.11676334 0.17566726 0.42041677]
43594 [0.03930696 0.07285361 0.15202019 0.1707062  0.30439448]
49606 [0.02197749 0.02266424 0.02320745 0.19918014 0.5195719 ]
5017 [0.00900389 0.01359743 0.01649103 0.03873946 0.83216816]
7522 [0.06606423 0.06987395 0.07312267 0.13550691 0.17323038]
21049 [0.01547591 0.01594398 0.10848183 0.11130282 0.6391758 ]
19045 [0.06462106 0.0869069  0.0937863  0.10956096 0.1143126 ]
6520 [0.01052758 0.01142129 0.0114921  0.01858108 0.8462498 ]
31069 [0.01851688 0.02156721 0.02203484 0.0348785  0.5690068 ]
11029 [0.0486327  0.06097814 0.07311593 0.08044862 0.08465479]
37582 [0.00347283 0.00491238 0.00536162 0.00796847 0.94868785]
27562 [0.06168706 0.06860707 0.07094336 0.07333755 0.101474  ]
26560 [0.06813444 0.07941451 0.07951629 0.10215772 0.18174644]
16039 [0.03593904 0.03829781 0.04705743 0.05825549 0.19757465]
32572 [0.02658276 0.03597004 0.03763701 0.17747626 0.37200424]
10528 [0.03631381 0.05537897 0.09497171 0.34820673 0.35579783]
6019 [0.04524902 0.05357305 0.06588059 0.09054963 0.4530073 ]
20047 [0.04368929 0.06326799 0.0820901  0.09170695 0.3245154 ]
23554 [0.0241799  0.03222765 0.03993883 0.05539175 0.62525743]
5518 [0.03731078 0.05224827 0.10173897 0.22289795 0.39386794]
24556 [0.03852816 0.04171208 0.05461005 0.09584313 0.28809798]
35578 [0.02311192 0.02536554 0.03506709 0.04429544 0.6007195 ]
5017 [0.04398613 0.04465832 0.09991296 0.11521481 0.408099  ]
13033 [0.03937915 0.03992139 0.07306916 0.0866346  0.48541954]
32572 [0.04038398 0.04619853 0.04992266 0.11594688 0.22938333]
33073 [0.0029837  0.00311732 0.00334895 0.0750438  0.88688856]
12031 [0.04103185 0.07165782 0.07185813 0.09858435 0.28853247]
18043 [0.07554442 0.07903698 0.08034789 0.08999415 0.12772374]
5017 [0.05179646 0.05334508 0.06292772 0.1175788  0.32335114]
27061 [0.02797935 0.03418737 0.07875158 0.18143715 0.39923957]
11530 [0.04171862 0.0469934  0.05404395 0.26917297 0.28166342]
34075 [0.01314141 0.01705955 0.05148159 0.17152593 0.6855262 ]
31069 [0.04302021 0.05961122 0.06775834 0.06912121 0.11474933]
7021 [0.03367068 0.07386763 0.16135347 0.20007206 0.20229614]
5518 [0.02535918 0.05632866 0.07518508 0.09512753 0.22765186]
8524 [0.01571397 0.01832196 0.01878775 0.17935818 0.66281855]
10528 [0.05052955 0.06046186 0.06214056 0.0687855  0.18697052]
6019 [0.03322125 0.03693211 0.05640719 0.08376041 0.22794783]
6019 [0.04310433 0.0449631  0.05325711 0.06282505 0.14799729]
5017 [0.01961964 0.02761608 0.12463944 0.32998192 0.40202805]
29065 [0.04377673 0.08240923 0.12179365 0.13050324 0.21424226]
23053 [0.03367208 0.03381727 0.04673983 0.10811922 0.19068141]
18544 [0.00420875 0.0058152  0.0141848  0.03654842 0.9179913 ]
22051 [0.06218196 0.08107387 0.08846304 0.10214245 0.13951887]
21049 [0.04832439 0.04928291 0.11163109 0.18525675 0.32246894]
50107 [0.02603478 0.06390148 0.10273308 0.24707924 0.2836684 ]
50107 [0.07579488 0.07770643 0.0796922  0.17407084 0.18789192]
48604 [0.03174053 0.03512681 0.03806617 0.04719114 0.23219256]
39586 [0.03833846 0.04524196 0.05591145 0.06049339 0.12947899]
9025 [0.06378978 0.07452682 0.11822918 0.12064569 0.30075958]
17542 [0.0266616  0.03436188 0.06057391 0.09564622 0.37122   ]
45598 [0.05230169 0.0954187  0.1266036  0.13398863 0.27335843]
5017 [0.06202211 0.06489895 0.09789417 0.17019075 0.4008061 ]
33073 [0.02388295 0.03078124 0.13168325 0.15286367 0.48405576]
47101 [0.10465884 0.12287287 0.15658022 0.1896273  0.24157164]
20047 [0.0371885  0.04051804 0.05730946 0.1669082  0.3274974 ]
6520 [0.03340422 0.04454271 0.05441091 0.10362675 0.40752998]
5017 [0.04803132 0.05352134 0.07040409 0.08353025 0.21969567]
36580 [0.03648649 0.03773794 0.04423385 0.08868962 0.13021278]
31069 [0.06609328 0.08209603 0.08749267 0.17436524 0.17638443]
48103 [0.05754021 0.10585383 0.10852573 0.16649461 0.21105583]
17041 [0.0452714  0.07030255 0.07193474 0.07371806 0.24962601]
7021 [0.02981106 0.03811643 0.04735051 0.14720923 0.43190804]
29566 [0.01430973 0.02373587 0.03243509 0.04011726 0.69639784]
17542 [0.04051132 0.11641157 0.13438189 0.13990746 0.19875383]
26059 [0.02234551 0.0259253  0.04885174 0.20282051 0.5882922 ]
30568 [0.0381332  0.04485852 0.05790267 0.10198148 0.39834788]
47101 [0.06371315 0.08960187 0.134982   0.15836808 0.3018937 ]
49105 [0.04673904 0.04987987 0.06736857 0.15746395 0.33009338]
22051 [0.06649514 0.07313646 0.10274625 0.14242095 0.14598368]
6520 [0.02821332 0.03374804 0.051131   0.10545115 0.16024478]
12532 [0.01946282 0.02529518 0.03016504 0.07585862 0.5106451 ]
6520 [0.06168525 0.08152872 0.11534768 0.1824685  0.31312734]
35578 [0.05353866 0.07031284 0.1277994  0.1383037  0.18563822]
15538 [0.03433245 0.07515442 0.10737985 0.17493331 0.31345293]
44596 [0.07233002 0.07461656 0.09569094 0.14529265 0.19993141]
5518 [0.02564904 0.02921256 0.04035838 0.11004895 0.4265519 ]
42592 [0.02247196 0.02657967 0.03778101 0.07941464 0.6313112 ]
30568 [0.01693823 0.03066936 0.03643543 0.06863642 0.7074419 ]
50176 [None]
15037 [0.03454579 0.03774641 0.08009092 0.11749412 0.11902478]
50107 [0.00177412 0.00260087 0.02026014 0.07189794 0.8991276 ]
31069 [0.04927276 0.05563213 0.08119453 0.15611897 0.2545588 ]
16039 [0.02206471 0.02330169 0.08362934 0.09518662 0.55651826]
5518 [0.05012411 0.05475831 0.06739433 0.1725102  0.22087488]
5017 [0.00410905 0.00511836 0.00833381 0.01105929 0.96157354]
17041 [0.00967381 0.02912831 0.03381386 0.04548829 0.7302955 ]
29065 [0.05262803 0.05892148 0.06728871 0.09279804 0.19623289]
40588 [0.03456199 0.03739952 0.05019926 0.05284531 0.43697622]
42091 [0.0213777  0.02309594 0.03507559 0.0784503  0.44312632]
39586 [0.04352585 0.04529038 0.05376248 0.06431814 0.24606122]
17542 [0.04485042 0.05141043 0.11571772 0.21954066 0.27303496]
16039 [0.02754731 0.03617457 0.05461848 0.13143359 0.14664184]
9025 [0.04020727 0.05679193 0.08207415 0.14702523 0.23138633]
25558 [0.04293035 0.04985043 0.07256293 0.10704682 0.17223765]
49105 [0.02938658 0.04521747 0.05890584 0.08513277 0.44293454]
12532 [0.04553454 0.0464245  0.04850359 0.05412483 0.07352733]
5017 [0.07736337 0.09277834 0.1404251  0.18292473 0.22386709]
14536 [0.03887088 0.047814   0.05995916 0.2889648  0.31389967]
47101 [0.03967465 0.04285052 0.04531808 0.10753518 0.4353427 ]
14035 [0.02634476 0.03818753 0.05100514 0.15812828 0.37039658]
49105 [0.05188221 0.05727534 0.06067659 0.11204207 0.5404287 ]
11530 [0.02803962 0.04134285 0.07661898 0.11080441 0.2419411 ]
25558 [0.01975348 0.06343464 0.06635203 0.2268174  0.26137638]
48604 [0.07958905 0.0855059  0.13835683 0.153909   0.17926301]
25057 [0.03317907 0.04197953 0.0616875  0.07472899 0.4664673 ]
17041 [0.03224771 0.0403477  0.04336982 0.10191422 0.1184724 ]
11530 [0.00784103 0.01587111 0.02267248 0.05708442 0.8103608 ]
5518 [0.04926673 0.05686636 0.08150028 0.08475237 0.12148307]
48604 [0.07596795 0.09502898 0.12209996 0.13237654 0.22372623]
37081 [0.04069439 0.05377483 0.0717455  0.13995071 0.32924682]
14536 [0.06464995 0.08442888 0.14456652 0.14704266 0.38988057]
12031 [0.00189489 0.00194534 0.00231339 0.03223434 0.9479086 ]
15538 [0.04734306 0.06075289 0.08164591 0.16641761 0.19453427]
10027 [0.03246124 0.03303499 0.04159787 0.05140369 0.38228512]
5017 [0.0475428  0.05228848 0.06398591 0.09458292 0.10755324]
30568 [0.01734406 0.0222613  0.14702341 0.16004539 0.5634591 ]
12532 [0.04906452 0.05069589 0.06976165 0.07480394 0.18571015]
20548 [0.05141483 0.05579951 0.10630017 0.22141868 0.38504493]
17542 [0.04708938 0.05483715 0.05754842 0.11203167 0.13970877]
33073 [0.02579876 0.04190749 0.14442657 0.1633248  0.3418347 ]
12532 [0.0513429  0.05862939 0.06421291 0.07235057 0.25234413]
18544 [0.04115548 0.05895936 0.06271836 0.0908425  0.31254983]
35578 [0.02743483 0.02915408 0.03711351 0.04769284 0.5984867 ]
42592 [0.02616977 0.02745904 0.0398625  0.15760776 0.24248213]
18544 [0.02522974 0.02815546 0.09378234 0.1916631  0.36791718]
41590 [0.05479797 0.06211926 0.06740689 0.12263064 0.14748089]
5017 [0.00684422 0.00701658 0.04699356 0.08737347 0.72745323]
7021 [0.04460032 0.04644981 0.0505935  0.0522913  0.10787702]
39586 [0.04274092 0.09436444 0.09555466 0.1552602  0.3706767 ]
39586 [0.06206024 0.07150962 0.093863   0.1431577  0.2328668 ]
14536 [0.03607198 0.04197929 0.05645502 0.07164584 0.13280256]
10528 [0.04742546 0.05819046 0.07644565 0.15631525 0.3895385 ]
7021 [0.03024996 0.04577559 0.05209077 0.13733123 0.17486762]
19045 [0.03278158 0.04736163 0.0749228  0.07567327 0.4178384 ]
5017 [0.03312926 0.03439936 0.04353977 0.0444938  0.04917001]
6520 [0.05211099 0.05818721 0.07054595 0.07350741 0.11143085]
11530 [0.08848353 0.1003527  0.10348877 0.10855143 0.15018862]
49606 [0.04627884 0.04818532 0.06611051 0.07494675 0.08390068]
47101 [0.04552511 0.04724287 0.09292109 0.1333133  0.19967344]
45598 [0.02831959 0.03408318 0.0367097  0.04390735 0.72167003]
5017 [0.00530018 0.00717972 0.04568916 0.18938679 0.7335211 ]
50107 [0.04182791 0.04998408 0.07297965 0.11056632 0.20223908]
31069 [0.0363888  0.03670898 0.03709886 0.07233974 0.5587912 ]
14035 [0.06058304 0.08269048 0.12335518 0.12895817 0.23105663]
10528 [0.00989604 0.0204509  0.05217896 0.06054199 0.6709013 ]
31570 [0.04188596 0.05201272 0.09888322 0.1018853  0.20112723]
28564 [0.03688391 0.04544792 0.05742187 0.06728089 0.22908348]
13033 [0.06439789 0.06817736 0.09108196 0.10226117 0.32722732]
34576 [0.03216243 0.03419115 0.04857525 0.05485675 0.14859045]
16540 [0.0537296  0.056838   0.05694488 0.06506604 0.15328985]
23053 [0.0247396  0.03137304 0.05172194 0.23706117 0.41458982]
15037 [0.01495097 0.01735786 0.02898837 0.03454936 0.77413476]
10528 [0.03369517 0.03872422 0.03951168 0.10504863 0.2755293 ]
10528 [0.05738122 0.06753729 0.08968185 0.09551001 0.28276637]
7522 [0.02869317 0.0311144  0.05587545 0.05644271 0.14310038]
36079 [0.06197168 0.08282547 0.12833191 0.19391775 0.24039987]
13534 [0.04312228 0.0447507  0.0763876  0.09957165 0.22299004]
9025 [0.02077085 0.02308155 0.06896722 0.22204985 0.36380053]
10027 [0.02480537 0.04805025 0.05430981 0.35375556 0.3856477 ]
41089 [0.0791778  0.10630514 0.13705014 0.19899756 0.326255  ]
44095 [0.02950841 0.03249093 0.05084001 0.14083731 0.5786341 ]
20548 [0.04296047 0.08170304 0.1068362  0.13591245 0.13998653]
39085 [0.03267606 0.03387906 0.05275691 0.07403304 0.24248318]
50107 [0.0350014  0.04853158 0.05315466 0.09502325 0.21340306]
5017 [0.03186144 0.04940472 0.09123781 0.11210001 0.22886969]
21049 [0.06154233 0.06736573 0.06822608 0.15591732 0.4133221 ]
5017 [0.0430516  0.04471007 0.07718901 0.0856633  0.18379277]
19045 [0.02540733 0.05310619 0.06669183 0.10226115 0.4002953 ]
7021 [0.03392795 0.05737191 0.06828079 0.1264614  0.2629313 ]
23053 [0.0297503  0.04007745 0.06590206 0.06711204 0.22326115]
14035 [0.05363457 0.05403143 0.07447772 0.15887839 0.18352796]
8524 [0.0571809  0.06059838 0.08429813 0.12135851 0.20812893]
9526 [0.06033659 0.07420473 0.0797209  0.18643844 0.23425423]
11029 [0.01926425 0.01965891 0.03844857 0.34543476 0.35911927]
6019 [0.04025943 0.04623726 0.05274921 0.07503813 0.08930349]
42592 [0.03460739 0.043222   0.05397348 0.1507467  0.19861388]
49606 [0.06379905 0.06776118 0.09039611 0.11111472 0.15511946]
29065 [0.05743798 0.07796114 0.11957582 0.12141949 0.19132231]
11530 [0.03850324 0.03873645 0.04476446 0.05759129 0.2777836 ]
30067 [0.02721805 0.05147125 0.1068096  0.19939005 0.439955  ]
42091 [0.03768047 0.06503218 0.06734518 0.1835399  0.39203638]
28564 [0.00276023 0.02628624 0.037806   0.19367892 0.71672654]
33073 [0.06030857 0.06103542 0.074086   0.15681973 0.17390624]
18544 [0.05275595 0.05411891 0.06155699 0.12607735 0.18316022]
40087 [0.02316843 0.03978036 0.04700867 0.07602456 0.44282508]
41590 [0.04049737 0.04528825 0.06566235 0.10753071 0.2810983 ]
43594 [0.0753893  0.08065707 0.08943842 0.10090359 0.14800979]
31069 [0.00610971 0.00853766 0.01061006 0.03217879 0.9156073 ]
5017 [0.0028571  0.00432616 0.00529225 0.01901741 0.96277803]
50107 [0.02121662 0.02524707 0.03424517 0.03522078 0.8397393 ]
5017 [0.01984338 0.04201499 0.05165749 0.13938135 0.584149  ]
5017 [0.02452974 0.06227656 0.07308626 0.34245583 0.36255708]
50107 [0.06748406 0.08046109 0.12765777 0.17373529 0.33537287]
50107 [0.03934699 0.04663677 0.06621251 0.17794931 0.25072315]
8023 [0.06275169 0.09025856 0.1319776  0.13414215 0.14056556]
11530 [0.04040225 0.04444779 0.05793703 0.08561708 0.13210082]
46600 [0.05953944 0.06313887 0.06651626 0.0840251  0.09163876]
47101 [0.02928178 0.04259719 0.193866   0.24491842 0.41392606]
5518 [0.05982417 0.07412768 0.10366108 0.12166038 0.13121009]
22051 [0.03828469 0.0922643  0.09244671 0.2035837  0.27476764]
10027 [0.03739556 0.04116381 0.0431948  0.18084516 0.2754127 ]
42592 [0.04597082 0.05189286 0.05669762 0.07484878 0.15080175]
16540 [0.04556921 0.05362596 0.05664802 0.09056736 0.10283941]
5518 [0.04432186 0.06918972 0.07637606 0.15509199 0.26700202]
34576 [0.03562532 0.06698228 0.07656221 0.13615538 0.28698745]
5017 [5.909257e-04 7.249341e-04 9.675800e-04 2.855310e-02 9.680715e-01]
30067 [0.03169755 0.03823053 0.19949104 0.2377153  0.3194611 ]
42091 [0.05479144 0.07888845 0.10273326 0.14927146 0.19810592]
18043 [0.06120772 0.06618442 0.11579106 0.13447188 0.30284896]
5017 [0.02330982 0.0330542  0.03436663 0.1734316  0.5176739 ]
31069 [0.06159692 0.0636631  0.09950852 0.14187348 0.18956691]
8524 [0.02496817 0.06359822 0.09740323 0.15168396 0.3806093 ]
14035 [0.05867438 0.06177358 0.06472717 0.07142793 0.09962609]
9526 [0.04785991 0.07334115 0.0829592  0.12434474 0.42165288]
45598 [0.06298361 0.06973758 0.07062715 0.13591686 0.15368298]
11029 [0.00654541 0.01081631 0.02290089 0.11417046 0.7207968 ]
7522 [0.01928803 0.05340601 0.06557672 0.1756064  0.50245744]
50107 [0.02672343 0.03155243 0.03701253 0.25004596 0.55954325]
50176 [None]
12532 [0.0295197  0.0336878  0.03472645 0.03964239 0.2203091 ]
43594 [0.03572144 0.12836127 0.1488713  0.18842639 0.23791017]
29566 [0.05320777 0.0920743  0.11392918 0.13437513 0.2936386 ]
27061 [0.0367991  0.03990286 0.0578137  0.09099119 0.25908005]
20047 [0.03164298 0.06191165 0.08485869 0.1615639  0.1851668 ]
5017 [0.05116167 0.07074367 0.14217833 0.14748916 0.23979476]
5518 [0.03563946 0.05521702 0.08837719 0.08893516 0.16972053]
50107 [0.00186856 0.00273754 0.01168427 0.02124516 0.957746  ]
5017 [0.0173043  0.02024133 0.0228933  0.14132136 0.58338916]
22552 [0.03623744 0.03952402 0.044744   0.0678505  0.26003888]
50107 [0.05784197 0.09591831 0.11163301 0.17318642 0.33387747]
24055 [0.02782617 0.05118306 0.08197618 0.12748882 0.37846348]
7021 [0.02856623 0.04281506 0.04508097 0.09467563 0.32908082]
6520 [0.01716975 0.02155232 0.02468309 0.03412988 0.2368114 ]
36580 [0.02115707 0.03064575 0.03571295 0.04571469 0.56783116]
49606 [0.00294396 0.01039365 0.02214492 0.0443772  0.8861824 ]
21550 [0.01965214 0.0238647  0.02660855 0.21078438 0.43066782]
31069 [0.00984371 0.01257071 0.02759907 0.04112747 0.7604206 ]
15538 [0.03343551 0.04057292 0.05745013 0.26884913 0.4201529 ]
5017 [0.00882204 0.03756293 0.16137737 0.27487233 0.27869046]
8023 [0.05585701 0.05854256 0.05991285 0.07668804 0.17685321]
24556 [0.05096612 0.05992393 0.06174675 0.10099842 0.23636292]
44095 [0.04197064 0.05631476 0.06013702 0.1594171  0.42085972]
7522 [0.03200764 0.04274875 0.05742636 0.1558455  0.17174324]
5017 [0.0532403  0.07111235 0.07347855 0.11280983 0.18836915]
29065 [0.0431974  0.05030603 0.06796119 0.10014687 0.18250376]
11029 [0.04895684 0.0536783  0.07612204 0.08628604 0.3266027 ]
5017 [0.00929981 0.00943077 0.01949845 0.02829831 0.8646044 ]
12031 [0.04137027 0.04592567 0.0819984  0.09049188 0.09286096]
50107 [0.01362452 0.01594221 0.02111583 0.12779465 0.78585094]
17041 [0.03774578 0.04445568 0.04521134 0.0692405  0.36610535]
46099 [0.05286174 0.06264335 0.13083142 0.23524673 0.2621368 ]
44596 [0.03932266 0.05073138 0.0627232  0.2510084  0.27434254]
14035 [0.04341258 0.06271885 0.0696168  0.07141396 0.10169838]
13534 [0.02129707 0.02499139 0.02742101 0.06218046 0.6148128 ]
12532 [0.02642174 0.02669945 0.05295125 0.08314028 0.5130061 ]
14035 [0.05575148 0.07151782 0.10501536 0.14044796 0.25150228]
22051 [0.04713891 0.06256399 0.0860142  0.1039772  0.13750945]
47602 [0.071252   0.07739681 0.10145453 0.12986346 0.13548256]
6520 [0.05966332 0.06124066 0.09065157 0.11649643 0.12835082]
43093 [0.03035598 0.03481038 0.04597718 0.04680537 0.58607215]
5017 [0.00302459 0.00387786 0.05394494 0.11366684 0.8055119 ]
49606 [0.03153625 0.03239902 0.04720886 0.05845834 0.06190879]
5017 [0.02415545 0.03450343 0.06003404 0.07865753 0.4296102 ]
36079 [0.07230817 0.07826941 0.08489617 0.09171449 0.15354761]
25057 [0.04350073 0.04573299 0.06651846 0.06934943 0.2705308 ]
8023 [0.00163022 0.00171586 0.00471076 0.23463146 0.749485  ]
12532 [0.02202187 0.03040689 0.06394579 0.10725942 0.5263231 ]
22051 [0.04715999 0.06533638 0.07174011 0.07295712 0.4009146 ]
47602 [0.05851544 0.09596362 0.10519359 0.1735211  0.24209723]
9025 [0.0200967  0.02797763 0.03537184 0.12525156 0.44551834]
5017 [0.03088179 0.04030269 0.04639871 0.11623535 0.47687316]
45097 [0.00764587 0.01183431 0.02168193 0.02559298 0.8701341 ]
10027 [0.04048598 0.04184698 0.04685238 0.08640946 0.36318108]
36079 [0.04689274 0.04761385 0.05001923 0.07053291 0.27816558]
28564 [0.07848869 0.10532045 0.14683434 0.15416838 0.15800118]
18043 [0.05992817 0.06261911 0.06526648 0.09603529 0.13903838]
9025 [0.04496592 0.05437905 0.05701666 0.12725292 0.2623153 ]
12532 [0.05540472 0.05870585 0.07537592 0.15307087 0.21922189]
17542 [0.02791192 0.05053324 0.05258834 0.15376216 0.17178538]
29065 [0.03498932 0.0525108  0.05611242 0.12798251 0.1408228 ]
12031 [0.10277572 0.11393584 0.15456091 0.210112   0.21612257]
41590 [0.02751131 0.03043201 0.07371155 0.1020308  0.5140655 ]
22552 [0.04230856 0.04516795 0.07564078 0.11674618 0.51504546]
50107 [0.04418364 0.05233758 0.0654432  0.07054608 0.46297985]
49606 [0.08692642 0.13279395 0.18335284 0.19160424 0.27521503]
23053 [0.05047642 0.05926841 0.08026315 0.09185443 0.25503102]
5017 [0.01454024 0.02400255 0.17890818 0.18387121 0.5697219 ]
45598 [5.601991e-04 7.348837e-03 7.883099e-03 5.007977e-02 9.306871e-01]
7522 [0.05164544 0.05456245 0.07407257 0.08971153 0.16483286]
16039 [0.01010264 0.01613256 0.02863582 0.13913664 0.63825417]
26059 [0.01423192 0.01771899 0.03548843 0.0441972  0.79711676]
23053 [0.05560793 0.0766511  0.08127688 0.1063906  0.1801235 ]
8524 [0.02213998 0.02508658 0.05446055 0.13525666 0.33102465]
16039 [0.04527141 0.06061304 0.0903783  0.09067978 0.14577593]
39085 [0.06331814 0.06827161 0.22122893 0.23197286 0.2914221 ]
46099 [0.0419197  0.04963439 0.08738499 0.12071843 0.29692838]
28564 [0.00930844 0.01405843 0.03233219 0.05738819 0.84821403]
8524 [0.04927501 0.05096482 0.05099394 0.10554431 0.14484118]
22051 [0.05350284 0.05963393 0.06860045 0.106224   0.15231495]
11530 [0.00165182 0.00186315 0.00204616 0.01769223 0.9665019 ]
26059 [0.01803422 0.14433096 0.15346672 0.21570733 0.43997666]
11530 [0.04837323 0.05087973 0.05594758 0.20856848 0.2850274 ]
8524 [0.02590829 0.02919799 0.05013338 0.0938383  0.43679106]
10027 [0.0289439  0.03825656 0.04565457 0.0986141  0.42041117]
27562 [0.0215678  0.06587222 0.23620568 0.2639879  0.27867314]
43594 [0.05295431 0.09566007 0.09830756 0.09907036 0.25614005]
13033 [0.01737898 0.03228592 0.05108532 0.3282825  0.41895777]
20548 [0.02698438 0.03062113 0.06707096 0.12601353 0.2944954 ]
34576 [0.03172053 0.03348678 0.05047897 0.05157946 0.07343288]
24556 [0.03848518 0.04397463 0.05272074 0.1448833  0.35961804]
5017 [0.03657911 0.04435202 0.07463245 0.11141598 0.34399554]
5017 [0.03470131 0.05455597 0.06972433 0.30039427 0.34392223]
49606 [0.03912882 0.04468403 0.05025369 0.05590795 0.05722802]
12031 [0.02869506 0.03171377 0.06836599 0.08019744 0.09100747]
26059 [0.0179298  0.02328148 0.03588719 0.244296   0.5344813 ]
5017 [0.02447602 0.07637411 0.15162033 0.17631324 0.18185002]
32071 [0.00566858 0.01109564 0.02326835 0.10388596 0.8332435 ]
5017 [0.03764294 0.07252204 0.100122   0.11480062 0.19407138]
5017 [0.00886919 0.01001616 0.01486753 0.40378162 0.47481555]
47602 [0.00882196 0.0100961  0.01256186 0.01618413 0.8445966 ]
14035 [0.04022869 0.06289604 0.11008086 0.1304464  0.18022235]
15538 [0.05109663 0.07912226 0.0889079  0.16566204 0.19258761]
48604 [0.03631755 0.06441594 0.10922278 0.23753129 0.2459496 ]
23554 [0.03992389 0.04900575 0.0725764  0.1099795  0.22755684]
5518 [0.00238227 0.0029248  0.03251561 0.2288561  0.7230348 ]
16540 [0.03385265 0.04728197 0.06780727 0.10833474 0.18845135]
5017 [0.03618386 0.06544502 0.07399121 0.26059416 0.30953023]
7522 [0.02759854 0.0301464  0.0328288  0.10555425 0.62633395]
10528 [0.01167652 0.02895303 0.02920854 0.05042521 0.7462757 ]
5017 [0.04633167 0.0515985  0.08989877 0.17852682 0.19378813]
5017 [0.03424272 0.04048315 0.04052554 0.06949461 0.3185589 ]
28063 [0.03712821 0.0442159  0.05627872 0.20896007 0.22328252]
5017 [0.02296444 0.03456335 0.04780636 0.13132495 0.533363  ]
28063 [0.07392791 0.09349214 0.1047297  0.10770706 0.12310578]
7522 [0.04708434 0.04991895 0.08228467 0.08395773 0.11918356]
5017 [0.02590986 0.02882859 0.03991984 0.04881458 0.46947193]
34576 [0.02020052 0.07840978 0.16379683 0.2842674  0.36337593]
21550 [0.03342135 0.05487118 0.07427165 0.17464404 0.47108448]
12532 [0.03873041 0.04173864 0.08510142 0.1329015  0.24607609]
49606 [0.04632951 0.08059792 0.10740094 0.1075473  0.27496502]
5518 [0.06689327 0.0783876  0.08885597 0.10955047 0.25771028]
